StationID	Y	M	D	TMEAN	TMAX	TMIN	RM	WS	SSD
58321	2010	1	1	3.5	8.6	-0.8	69	1.9	4.7 
58321	2010	1	2	5.4	12.8	-0.5	75	1.6	7.2 
58321	2010	1	3	4.7	10.6	1	86	2.9	5.5 
58321	2010	1	4	2.4	5.3	1.1	63	3.4	6.7 
58321	2010	1	5	-1.5	1.2	-3.9	42	3.1	5.2 
58321	2010	1	6	-0.5	4	-3.8	53	1.9	7.7 
58321	2010	1	7	-0.7	0.9	-2.8	55	1.7	3.7 
58321	2010	1	8	0.7	3.4	-0.3	54	1.5	3.8 
58321	2010	1	9	3	8	-1.8	71	2	6.8 
58321	2010	1	10	1.9	5.4	0.3	85	2.8	3.8 
58321	2010	1	11	1.2	3.5	0.2	64	2.7	3.9 
58321	2010	1	12	1.1	8.7	-4.7	63	2.2	8.4 
58321	2010	1	13	-1.5	5.5	-5.4	33	2.5	8.8 
58321	2010	1	14	3.1	11.6	-3.4	56	2.1	8.8 
58321	2010	1	15	3	4.7	-0.4	56	2.6	4.0 
58321	2010	1	16	3.5	7	1.7	67	1.1	5.4 
58321	2010	1	17	4.2	10.6	-1.3	77	1.7	8.5 
58321	2010	1	18	6.9	14.3	1.5	77	1.4	8.5 
58321	2010	1	19	9.7	13.8	5.5	80	2.3	5.9 
58321	2010	1	20	10.2	12.4	7.9	76	2.9	4.3 
58321	2010	1	21	1.4	8	-1.6	68	3.5	6.1 
58321	2010	1	22	1.5	4.8	-0.2	62	0.9	4.4 
58321	2010	1	23	2.2	6.8	-0.8	58	0.6	8.2 
58321	2010	1	24	4.4	7.5	0.1	67	1.2	4.5 
58321	2010	1	25	4.3	8.5	2.1	60	2.3	9.4 
58321	2010	1	26	4	9.8	-2.3	55	2.4	9.9 
58321	2010	1	27	6.5	9.8	5.2	86	1.5	4.6 
58321	2010	1	28	6.5	12.4	2.3	79	1.4	8.8 
58321	2010	1	29	7.1	13.8	1.2	67	1.4	9.4 
58321	2010	1	30	8.6	11.4	6.9	81	1.4	4.8 
58321	2010	1	31	8.5	10.6	7.4	90	2.1	4.9 
58321	2010	2	1	6.7	8.7	5.5	86	1.2	4.9 
58321	2010	2	2	5.7	7.1	4.9	77	2.3	5.0 
58321	2010	2	3	5	7.8	2.1	77	2	5.1 
58321	2010	2	4	5.9	8.3	3.4	79	2	5.1 
58321	2010	2	5	6.7	8.2	5.2	78	2.2	5.2 
58321	2010	2	6	6.8	7.8	5.8	83	3.6	5.2 
58321	2010	2	7	7.5	10.2	6.2	90	1.4	5.3 
58321	2010	2	8	11	15.3	7.7	85	2	9.5 
58321	2010	2	9	10.1	13.5	8.4	95	2.1	5.4 
58321	2010	2	10	3.8	8.5	1.4	92	4.4	5.5 
58321	2010	2	11	-1.7	1.7	-2.8	81	4.5	5.6 
58321	2010	2	12	-1.8	1.3	-4.2	64	1.7	12.5 
58321	2010	2	13	-0.8	2.1	-4.4	61	2.8	10.9 
58321	2010	2	14	0.1	1.3	-0.9	94	2.9	5.8 
58321	2010	2	15	1.2	2.6	-0.1	79	2.7	5.8 
58321	2010	2	16	0.2	2.6	-2.2	73	1.6	8.4 
58321	2010	2	17	0.8	5.4	-2.5	82	1.7	9.2 
58321	2010	2	18	2.2	8.6	-2.3	70	1.7	14.0 
58321	2010	2	19	5	11.7	-2.1	57	2.1	15.4 
58321	2010	2	20	7.8	15.1	1	59	2.5	15.6 
58321	2010	2	21	10.5	18.7	4.2	61	1.8	15.6 
58321	2010	2	22	11.4	21	5.3	65	0.7	13.0 
58321	2010	2	23	13.4	21.1	7.2	68	2.1	12.7 
58321	2010	2	24	16.5	20.6	12.1	74	2.3	7.5 
58321	2010	2	25	13.8	18	10.3	90	2.2	6.5 
58321	2010	2	26	7.4	10.4	6.7	93	2.2	6.6 
58321	2010	2	27	8.5	10.9	6.7	83	1.4	6.6 
58321	2010	2	28	11.4	15.5	9.1	86	4.3	9.3 
58321	2010	3	1	4.3	12.1	3.3	90	3.2	6.8 
58321	2010	3	2	4.6	5.8	3.8	90	2.5	6.8 
58321	2010	3	3	4.2	4.9	3.1	93	3	6.9 
58321	2010	3	4	4.4	5.5	3.3	91	1.6	6.9 
58321	2010	3	5	5.4	6	4.7	91	2.8	7.0 
58321	2010	3	6	1.9	5.5	-0.1	89	4	7.1 
58321	2010	3	7	2.8	6.8	-1.4	65	2.3	18.4 
58321	2010	3	8	1.6	4.7	0	79	3.3	7.2 
58321	2010	3	9	0.2	2.3	-1	70	3.4	11.9 
58321	2010	3	10	2.5	9.7	-3.7	59	2.4	20.0 
58321	2010	3	11	8.5	15.5	1.6	56	3.6	19.6 
58321	2010	3	12	14.4	22.4	6.8	47	1.7	19.0 
58321	2010	3	13	13	18.8	8.3	68	3.3	17.5 
58321	2010	3	14	10.4	13.8	8.4	87	2.6	7.5 
58321	2010	3	15	9.3	14.6	5.6	68	3.9	15.5 
58321	2010	3	16	10.8	17.1	4	58	2.2	20.6 
58321	2010	3	17	13.8	20.8	7	58	2.9	20.1 
58321	2010	3	18	10.9	15.2	6	70	2.4	18.2 
58321	2010	3	19	19.4	28.8	9.6	61	4.7	21.5 
58321	2010	3	20	17.8	24.1	14.4	42	4	7.9 
58321	2010	3	21	13.5	18.8	8.6	43	2.4	18.3 
58321	2010	3	22	12.6	16.8	9.2	69	3.2	8.0 
58321	2010	3	23	7.6	9.5	6	85	4.1	8.0 
58321	2010	3	24	6.8	7.5	5.6	87	2.3	8.1 
58321	2010	3	25	8.2	13.9	3.8	63	3.5	20.8 
58321	2010	3	26	9.2	14.2	3.9	53	3.3	23.7 
58321	2010	3	27	10.1	15.2	7.3	68	1.3	12.5 
58321	2010	3	28	13.8	21	6.3	65	2.3	21.7 
58321	2010	3	29	13.3	17.8	9.4	59	2.6	13.8 
58321	2010	3	30	11.8	13.7	10.7	81	2.5	8.4 
58321	2010	3	31	14.8	19	11.6	85	1.6	15.4 
58321	2010	4	1	12.6	16.5	9.1	84	3.5	8.4 
58321	2010	4	2	11.1	15.8	7.1	72	1.4	21.3 
58321	2010	4	3	12.8	18.6	7.4	51	2.9	23.4 
58321	2010	4	4	14.4	19.8	9.4	62	2	21.4 
58321	2010	4	5	17	23.4	11.7	76	2.4	24.2 
58321	2010	4	6	14	18.5	11.4	69	2.9	8.6 
58321	2010	4	7	11.1	15.1	4.8	40	2	25.2 
58321	2010	4	8	11.2	13.7	7.7	57	2.6	11.7 
58321	2010	4	9	13.3	19.8	7.9	71	2.9	23.7 
58321	2010	4	10	15.5	20.2	11.6	70	3.4	9.7 
58321	2010	4	11	11.4	15	10.7	90	3	8.8 
58321	2010	4	12	10.9	14.1	9.7	88	2.7	8.8 
58321	2010	4	13	9.6	12.3	7.6	62	3.5	11.7 
58321	2010	4	14	6.1	10.6	4.1	74	4	8.9 
58321	2010	4	15	6.2	9.4	3.9	73	1.9	12.1 
58321	2010	4	16	11.2	17.1	4.8	71	3.1	27.1 
58321	2010	4	17	16.5	22.6	10.5	64	2.6	23.1 
58321	2010	4	18	15.1	18.8	13.1	91	1.3	9.0 
58321	2010	4	19	17.3	21.1	14.8	91	1.3	9.3 
58321	2010	4	20	17.1	18.7	15.4	91	2.9	9.0 
58321	2010	4	21	13.3	15.7	10.5	91	3.9	9.1 
58321	2010	4	22	13.4	16.6	10	80	2.8	13.8 
58321	2010	4	23	15.4	20.7	9.6	63	1.6	27.1 
58321	2010	4	24	15.6	21.3	9.2	62	2.1	24.2 
58321	2010	4	25	14.9	18.9	13.1	69	1.5	14.1 
58321	2010	4	26	16.4	21.2	12.6	67	3	24.6 
58321	2010	4	27	17.5	21.2	13.4	46	2.1	27.3 
58321	2010	4	28	16	19.9	14.1	47	3.4	26.9 
58321	2010	4	29	17.9	24.3	11.2	39	3.1	27.0 
58321	2010	4	30	19.4	25.6	11.3	42	2	28.6 
58321	2010	5	1	20.9	28.9	11.6	51	2.1	28.9 
58321	2010	5	2	24.8	32.1	18.2	60	2.7	29.2 
58321	2010	5	3	27.1	33.6	20.3	49	3	29.3 
58321	2010	5	4	24.8	30.8	21.4	63	3.1	17.1 
58321	2010	5	5	22.4	26.9	19.8	85	2.5	16.0 
58321	2010	5	6	21.6	24.5	19.7	53	2.5	19.2 
58321	2010	5	7	20.2	25.4	13.7	57	1.3	29.6 
58321	2010	5	8	19.1	22.2	17.3	76	1.6	9.3 
58321	2010	5	9	16.8	20.3	14	71	1.8	11.2 
58321	2010	5	10	19.4	23.8	14.5	66	1.8	26.8 
58321	2010	5	11	21.6	28	16	55	2	30.4 
58321	2010	5	12	22.9	28.7	15.7	48	2.3	24.1 
58321	2010	5	13	19.8	24	16.9	58	3.3	11.3 
58321	2010	5	14	16.2	19.7	14.9	78	3.4	9.3 
58321	2010	5	15	18.6	22.1	15.4	72	1.8	9.3 
58321	2010	5	16	21.6	25.7	18.2	81	1.9	9.3 
58321	2010	5	17	22.2	25	20.8	91	2.3	9.3 
58321	2010	5	18	20.7	23	19.5	80	2.1	9.3 
58321	2010	5	19	22.4	28.3	16.2	59	1.6	26.2 
58321	2010	5	20	23.7	29.9	16.6	58	1.2	29.3 
58321	2010	5	21	21.3	24.8	19.9	87	1.9	10.3 
58321	2010	5	22	17.7	20.5	15.6	95	2.8	9.3 
58321	2010	5	23	18	23.3	15.1	80	2.4	12.6 
58321	2010	5	24	23	32.2	14.1	71	1.3	31.3 
58321	2010	5	25	25.1	30.8	20.1	62	1.8	29.2 
58321	2010	5	26	24.5	29.5	20.4	55	2.6	23.3 
58321	2010	5	27	23.9	26.4	22.2	60	1.9	9.3 
58321	2010	5	28	20.3	22.9	18.4	89	1.5	9.3 
58321	2010	5	29	22.2	27.5	17.9	77	1.1	23.0 
58321	2010	5	30	24.3	29.5	18.6	72	2	30.2 
58321	2010	5	31	23.8	28.2	20	66	2.9	27.3 
58321	2010	6	1	22.5	26	19.1	64	2.4	14.2 
58321	2010	6	2	23	27.1	19	60	2.5	22.3 
58321	2010	6	3	22.1	26	18.7	60	2.4	18.6 
58321	2010	6	4	22.5	27.4	17.5	61	2.2	28.7 
58321	2010	6	5	23.8	28	19.3	65	1.8	19.8 
58321	2010	6	6	24.5	29.4	19.2	56	2.1	27.6 
58321	2010	6	7	25.4	30.4	19.4	49	2.2	28.2 
58321	2010	6	8	19.9	27	16.7	86	2.6	9.3 
58321	2010	6	9	19	19.9	17.4	95	2.4	9.3 
58321	2010	6	10	19.1	20.3	18.1	93	2.7	9.3 
58321	2010	6	11	22.3	26.8	19.2	74	2.2	13.4 
58321	2010	6	12	25.3	30.5	20.6	69	1.1	24.3 
58321	2010	6	13	25.9	30.9	21.7	76	1.7	16.8 
58321	2010	6	14	24.9	27.9	23.5	78	1.9	11.0 
58321	2010	6	15	25.5	30.3	20.4	76	1.6	28.3 
58321	2010	6	16	27.6	32.2	22.9	72	1.7	25.6 
58321	2010	6	17	28.4	32.3	25.5	76	2.4	19.8 
58321	2010	6	18	28.2	32.7	23.7	78	2	29.8 
58321	2010	6	19	29.9	33.9	25.7	68	1.8	12.7 
58321	2010	6	20	28.7	31.9	25.6	57	2.7	24.5 
58321	2010	6	21	27.6	31.3	24.2	62	1.9	25.3 
58321	2010	6	22	27.6	32.1	22.5	70	2.5	22.1 
58321	2010	6	23	27.8	31.7	24.2	76	1.4	9.3 
58321	2010	6	24	27.9	31.3	25.5	68	2.8	9.3 
58321	2010	6	25	26.6	30.1	23.4	68	3.6	26.9 
58321	2010	6	26	26.9	30.7	22.7	65	2.7	24.5 
58321	2010	6	27	28	32	23.3	66	1.9	27.5 
58321	2010	6	28	28.9	32.5	26.1	75	2.4	22.1 
58321	2010	6	29	29	33.4	26.1	80	2.5	20.0 
58321	2010	6	30	30.3	35.3	26.2	75	2.3	30.5 
58321	2010	7	1	31.8	34.8	29.1	71	3.8	20.3 
58321	2010	7	2	32.1	35.5	29.1	71	2.7	22.6 
58321	2010	7	3	29.6	33.7	25.9	85	1	15.3 
58321	2010	7	4	28.2	30.7	26.9	89	1.7	9.3 
58321	2010	7	5	27.1	28.3	25.4	90	1.2	9.3 
58321	2010	7	6	28.1	33.8	24.2	83	1.3	24.6 
58321	2010	7	7	29.7	33.7	25.6	78	1.6	27.6 
58321	2010	7	8	27.9	31.3	25.8	83	2.3	9.3 
58321	2010	7	9	27.2	31.4	25.6	88	2	17.9 
58321	2010	7	10	26.5	29.7	25.4	93	2.6	9.3 
58321	2010	7	11	24.2	25.9	23.5	91	1.5	9.3 
58321	2010	7	12	24.1	24.6	22.8	99	1.7	9.3 
58321	2010	7	13	24.4	25.6	22.8	96	1.5	9.3 
58321	2010	7	14	26.8	29.4	24.2	82	1.9	9.9 
58321	2010	7	15	25.8	28.4	23.7	91	1.9	9.3 
58321	2010	7	16	24.7	27	22.5	97	1.7	9.3 
58321	2010	7	17	28.1	31.2	25.4	88	2.9	10.6 
58321	2010	7	18	28.7	33.4	25.9	85	1.8	14.6 
58321	2010	7	19	29.4	34.2	25.8	78	3.1	25.4 
58321	2010	7	20	26.8	31.8	23.8	92	1.2	12.0 
58321	2010	7	21	26.2	28.7	25	94	1.5	9.3 
58321	2010	7	22	26.8	32.5	24.3	88	1.3	14.0 
58321	2010	7	23	27.7	31.4	24.4	86	1.8	13.5 
58321	2010	7	24	28.3	34.4	26.1	86	2.5	19.1 
58321	2010	7	25	28.8	33.3	25.2	79	2.1	26.5 
58321	2010	7	26	29.3	33.1	25.8	76	2	23.2 
58321	2010	7	27	28.9	33.1	25.5	76	1.9	26.0 
58321	2010	7	28	29.9	34.5	26	77	2	26.5 
58321	2010	7	29	30.9	35.6	27	76	2.2	24.5 
58321	2010	7	30	30.2	35.5	26.8	76	2.6	25.2 
58321	2010	7	31	30.3	34.5	26.7	77	3.5	29.2 
58321	2010	8	1	29.9	35.4	28.1	77	1.8	21.9 
58321	2010	8	2	32.7	37.7	28.2	71	1.8	28.5 
58321	2010	8	3	33.3	37.6	28.1	69	1.9	30.6 
58321	2010	8	4	34	38.6	29	67	1.8	30.7 
58321	2010	8	5	33	38.8	27.7	71	2.4	17.8 
58321	2010	8	6	30.1	34.4	27.3	75	2.6	20.9 
58321	2010	8	7	30.4	34.6	26.6	76	2.9	27.3 
58321	2010	8	8	30.4	35	26.3	66	2.7	30.0 
58321	2010	8	9	30.3	34.9	25.2	67	2	29.4 
58321	2010	8	10	31	35.8	26.9	69	1.6	27.3 
58321	2010	8	11	32	36.7	28.3	71	2.8	25.3 
58321	2010	8	12	33.5	37.8	29.8	71	2.8	23.3 
58321	2010	8	13	33.7	37.5	30.5	65	3.8	28.4 
58321	2010	8	14	31.9	37.7	26.9	72	2.9	25.7 
58321	2010	8	15	28.5	33	23.5	81	1.5	17.9 
58321	2010	8	16	24.9	26.3	22.9	95	1	9.1 
58321	2010	8	17	28.8	33.5	24.6	79	1.2	26.5 
58321	2010	8	18	29.9	35.7	26.7	81	1.6	26.9 
58321	2010	8	19	28.8	33.9	25	83	2.2	27.6 
58321	2010	8	20	29	32.7	25.6	76	3.9	29.0 
58321	2010	8	21	30.6	34.9	26.5	73	1.5	28.7 
58321	2010	8	22	31.2	35.4	27.5	71	0.8	22.2 
58321	2010	8	23	27.4	31.9	25.3	83	2.2	9.0 
58321	2010	8	24	27.4	32	23.8	86	1.8	10.7 
58321	2010	8	25	23.1	24.3	22.1	92	1.7	8.9 
58321	2010	8	26	22.1	23.3	21.3	94	2.2	8.9 
58321	2010	8	27	22.1	23.1	21.1	97	1.4	8.9 
58321	2010	8	28	24.4	28.7	21.8	84	1.8	12.5 
58321	2010	8	29	25.6	30.8	21.4	76	1.3	23.3 
58321	2010	8	30	26.9	31.9	22.3	71	1.4	24.1 
58321	2010	8	31	27.7	31.6	24.2	75	2.7	21.8 
58321	2010	9	1	26.8	29.3	25.4	83	2.9	10.9 
58321	2010	9	2	25.7	27.3	24.7	92	3.2	8.7 
58321	2010	9	3	23.2	25.3	21.9	97	2.2	8.7 
58321	2010	9	4	23.3	26.8	21.4	95	1.5	13.1 
58321	2010	9	5	25.9	29.9	22.9	87	1.8	10.6 
58321	2010	9	6	28	32.2	24.7	83	1.6	15.9 
58321	2010	9	7	27.5	31.3	25.6	88	2	8.6 
58321	2010	9	8	25.1	27.6	23.5	83	2.2	8.5 
58321	2010	9	9	24.9	27	23.2	89	1.8	8.5 
58321	2010	9	10	24.2	26.9	23	90	2.5	8.4 
58321	2010	9	11	23.4	25.8	21.7	91	1.9	8.4 
58321	2010	9	12	24.8	29.4	21.7	80	1.3	9.1 
58321	2010	9	13	25.2	27.2	23.7	85	1.6	8.3 
58321	2010	9	14	24.4	27.9	23	94	2	8.3 
58321	2010	9	15	24.4	27.6	22.3	90	1.4	8.2 
58321	2010	9	16	26.6	31.2	22.4	84	2	19.2 
58321	2010	9	17	27.5	32.7	23.4	77	1.7	20.1 
58321	2010	9	18	27.4	32.1	23	71	1.6	21.2 
58321	2010	9	19	28	33.2	23	73	1.6	21.6 
58321	2010	9	20	29.4	34.5	25.2	75	2.1	21.8 
58321	2010	9	21	29.7	34.8	25.9	75	2.9	21.7 
58321	2010	9	22	16.7	28.1	14.8	93	3.9	7.9 
58321	2010	9	23	18.1	22.3	14.7	71	2.2	15.8 
58321	2010	9	24	19.8	24.7	14.9	69	1.8	16.9 
58321	2010	9	25	20.3	22.9	18.5	75	2.3	7.8 
58321	2010	9	26	19	20.4	17.8	89	1.7	7.7 
58321	2010	9	27	19.5	22.3	18	90	0.8	7.7 
58321	2010	9	28	19.7	22.4	17.3	86	1.8	7.6 
58321	2010	9	29	18.3	22.8	15.5	80	1.9	14.8 
58321	2010	9	30	18.9	24.3	13.8	78	1.4	19.6 
58321	2010	10	1	19.9	24.1	17.4	70	2	8.7 
58321	2010	10	2	19.4	23.4	18.2	88	1.8	8.1 
58321	2010	10	3	18.7	24.6	15	63	2.4	18.6 
58321	2010	10	4	18.1	25.3	11.8	61	1.3	18.9 
58321	2010	10	5	18.4	26.3	12.4	67	1.6	17.3 
58321	2010	10	6	18.8	24.9	12.4	66	1.5	16.1 
58321	2010	10	7	18.5	22.9	16.4	75	0.9	11.6 
58321	2010	10	8	18.7	24.5	14	84	0.8	8.2 
58321	2010	10	9	18.6	25.2	13.7	81	1	15.2 
58321	2010	10	10	20.2	26	14.9	77	2.5	14.2 
58321	2010	10	11	18.5	21.6	17.3	92	1	6.9 
58321	2010	10	12	18.9	21.8	16.9	90	2	6.8 
58321	2010	10	13	17	18.7	15.7	85	1.9	6.7 
58321	2010	10	14	17	18.8	15.5	85	1	6.7 
58321	2010	10	15	16.4	22.7	11.7	86	0.9	10.3 
58321	2010	10	16	17.7	25.4	12	78	0.9	15.9 
58321	2010	10	17	20.1	27.3	13.6	66	1.3	16.3 
58321	2010	10	18	19.8	22.9	17.2	69	2.1	9.3 
58321	2010	10	19	19.7	24.2	16.2	75	2.8	13.0 
58321	2010	10	20	19.4	24.3	15.4	71	3.3	14.5 
58321	2010	10	21	18.1	22.7	14.3	70	3	14.4 
58321	2010	10	22	17.9	23.1	13.6	68	2.4	14.3 
58321	2010	10	23	18.2	21.1	16.7	82	3.1	6.1 
58321	2010	10	24	17.6	19.6	15.3	93	2.4	6.0 
58321	2010	10	25	14.5	19.3	12.3	68	4.2	6.0 
58321	2010	10	26	12.2	15.7	9.2	48	3.7	13.2 
58321	2010	10	27	11	14.5	8.6	45	3.1	12.8 
58321	2010	10	28	10.6	16.3	4.6	60	1.3	12.9 
58321	2010	10	29	12.5	17.6	6.5	55	0.8	11.3 
58321	2010	10	30	11.7	19.1	6.3	68	0.9	12.4 
58321	2010	10	31	12	19.8	6.1	70	0.9	12.0 
58321	2010	11	1	13.4	20.4	7.9	69	1.1	10.4 
58321	2010	11	2	13.1	15.3	11.3	75	1.9	5.4 
58321	2010	11	3	12.2	17.7	9	78	0.8	8.0 
58321	2010	11	4	12.3	19.1	7.5	75	1	11.2 
58321	2010	11	5	12.9	21	7.4	73	1	11.8 
58321	2010	11	6	13	21.4	7.1	75	0.8	11.8 
58321	2010	11	7	14.8	23	8.1	68	1.4	11.9 
58321	2010	11	8	13.9	19.4	9.7	41	2.4	12.0 
58321	2010	11	9	13.3	22.2	5.5	54	2.3	11.7 
58321	2010	11	10	15.1	23.5	7.8	63	1.4	10.9 
58321	2010	11	11	15.2	19.4	11.6	54	1.5	6.0 
58321	2010	11	12	13.3	21.3	5.8	48	2.1	11.3 
58321	2010	11	13	15.7	23.5	8.5	58	1.8	10.4 
58321	2010	11	14	12.3	17.6	10.6	71	2.9	4.7 
58321	2010	11	15	10	11.8	8.7	81	1.6	4.6 
58321	2010	11	16	9.6	14	6	80	1.2	6.5 
58321	2010	11	17	9.1	14.2	4.5	86	1.5	7.5 
58321	2010	11	18	9.8	17.3	3.8	80	1.3	10.2 
58321	2010	11	19	12.4	19.7	8	65	1.8	9.6 
58321	2010	11	20	14.1	20.4	9	68	2.7	9.5 
58321	2010	11	21	14.8	19	11.1	66	1.6	4.7 
58321	2010	11	22	10.6	15.9	6.8	37	1.9	9.6 
58321	2010	11	23	9.7	14.7	4.9	54	2.3	9.2 
58321	2010	11	24	10	15.6	4.1	62	1.3	6.6 
58321	2010	11	25	9.1	15.6	4.1	68	1	8.4 
58321	2010	11	26	10.3	16.9	4.9	65	1.9	8.5 
58321	2010	11	27	10.9	18.8	4.5	70	1.2	8.7 
58321	2010	11	28	11.5	16.2	9.1	63	1.7	8.5 
58321	2010	11	29	11.9	20.2	6.1	73	1	8.5 
58321	2010	11	30	12.3	21.5	6.6	69	1.6	8.4 
58321	2010	12	1	12.2	20.2	5	67	1.1	8.2 
58321	2010	12	2	13.9	20.8	7.5	55	2.1	8.3 
58321	2010	12	3	9.4	14.8	3.3	36	1.6	8.3 
58321	2010	12	4	12.5	20	6.7	55	3.1	8.6 
58321	2010	12	5	15.3	22.3	8	60	1.6	7.8 
58321	2010	12	6	10.3	18.3	8.4	44	4.2	6.7 
58321	2010	12	7	6.2	11.4	1.8	33	2.3	8.1 
58321	2010	12	8	7.2	15.7	0.5	45	2.3	7.8 
58321	2010	12	9	9	15.9	3.3	49	2.5	7.9 
58321	2010	12	10	12.5	21.2	4.5	46	1.6	7.9 
58321	2010	12	11	10.3	14.9	6.8	38	2.6	7.1 
58321	2010	12	12	9.7	10.2	8.6	86	1.7	3.6 
58321	2010	12	13	9.4	10.3	8.6	97	2.5	3.6 
58321	2010	12	14	2.2	8.6	1.2	91	3.5	3.6 
58321	2010	12	15	0.1	1.6	-0.8	83	2.8	3.5 
58321	2010	12	16	-0.8	2.5	-3.2	58	3.2	7.3 
58321	2010	12	17	2.5	10.3	-4.1	72	2.4	7.6 
58321	2010	12	18	5.5	11.5	0.7	67	3.7	7.8 
58321	2010	12	19	9.7	16	4.6	50	2	5.5 
58321	2010	12	20	6.4	13.8	0.5	63	0.7	7.1 
58321	2010	12	21	7.1	16.4	1.5	70	1.3	7.2 
58321	2010	12	22	8.1	17.3	0.8	65	1.6	7.4 
58321	2010	12	23	9.2	16.4	4	68	2.3	6.7 
58321	2010	12	24	2.1	8.5	-0.3	63	4.9	3.5 
58321	2010	12	25	-0.9	1.9	-2.8	55	2	4.4 
58321	2010	12	26	2	9.8	-3.4	67	3.1	7.4 
58321	2010	12	27	5	13.6	-1	74	1.5	7.5 
58321	2010	12	28	5.3	11.6	-0.7	56	1.2	7.3 
58321	2010	12	29	6.9	13.4	-0.4	35	2.7	7.0 
58321	2010	12	30	2.2	9.5	-2.4	24	3.7	7.9 
58321	2010	12	31	-1.4	2.8	-3.9	24	1.9	7.8 
58321	2011	1	1	-0.4	3.1	-4.1	22	2	4.7 
58321	2011	1	2	0	2.3	-1.4	57	2.5	7.2 
58321	2011	1	3	-0.3	2.6	-2	78	1.5	5.5 
58321	2011	1	4	1.1	4.7	-3.1	45	1.3	6.7 
58321	2011	1	5	3.1	4.4	1.8	47	0.9	5.2 
58321	2011	1	6	0.4	3.5	-2.8	29	3	7.7 
58321	2011	1	7	-2.2	3.5	-5.7	44	0.8	3.7 
58321	2011	1	8	-0.5	7.7	-6.7	52	1	3.8 
58321	2011	1	9	1.7	4.6	-0.7	27	3.8	6.8 
58321	2011	1	10	-1.4	3	-5.6	25	1.8	3.8 
58321	2011	1	11	-0.8	5.6	-6.3	38	3	3.9 
58321	2011	1	12	-0.6	5.5	-5.7	36	1.4	8.4 
58321	2011	1	13	1.6	8.3	-3.8	41	1.2	8.8 
58321	2011	1	14	4.8	8.8	1.9	45	2.1	8.8 
58321	2011	1	15	0.9	6	-1.3	35	4	4.0 
58321	2011	1	16	-2.8	1.5	-7.6	32	2	5.4 
58321	2011	1	17	-1.8	1.7	-4.6	36	1.7	8.5 
58321	2011	1	18	-1.1	0.2	-2.3	70	2.2	8.5 
58321	2011	1	19	-0.8	1.5	-3.1	81	2.3	5.9 
58321	2011	1	20	-0.6	0.8	-1.3	91	2.4	4.3 
58321	2011	1	21	-0.7	2.4	-1.8	89	1.3	6.1 
58321	2011	1	22	0.1	5	-4	79	1	4.4 
58321	2011	1	23	2.4	5.4	-1.2	65	1.8	8.2 
58321	2011	1	24	1	5.1	-3.8	33	1.7	4.5 
58321	2011	1	25	2.3	7.4	-2.6	44	1.7	9.4 
58321	2011	1	26	3.6	7.3	0.4	47	2.7	9.9 
58321	2011	1	27	1.9	4.8	0.7	79	2.9	4.6 
58321	2011	1	28	0.5	1.9	-0.6	92	2.7	8.8 
58321	2011	1	29	-0.2	3.4	-3.2	75	2.3	9.4 
58321	2011	1	30	-1.1	4.2	-5.2	45	0.9	4.8 
58321	2011	1	31	-0.4	7	-5.8	53	1.5	4.9 
58321	2011	2	1	3.4	10.8	-2.2	53	0.7	4.9 
58321	2011	2	2	3.3	11.3	-3.1	64	1.5	5.0 
58321	2011	2	3	6	14.2	-1.1	57	0.9	5.1 
58321	2011	2	4	5.3	14.7	-1.3	62	1.1	5.1 
58321	2011	2	5	7.4	16.7	-0.2	62	1.5	5.2 
58321	2011	2	6	11.5	18.5	5.5	47	1.6	5.2 
58321	2011	2	7	9.3	14.7	4.3	57	1.9	5.3 
58321	2011	2	8	9.9	13.2	7.1	71	2.8	9.5 
58321	2011	2	9	5.8	9.8	2.6	74	4.9	5.4 
58321	2011	2	10	1.1	2.7	0.1	88	3.3	5.5 
58321	2011	2	11	1.6	4.5	-0.7	74	1.9	5.6 
58321	2011	2	12	1.5	4.6	-2.2	59	2.4	12.5 
58321	2011	2	13	0.9	4	-0.9	76	1.5	10.9 
58321	2011	2	14	0.5	3	-0.8	69	3.1	5.8 
58321	2011	2	15	0.8	5.6	-3.9	65	1.9	5.8 
58321	2011	2	16	2.8	3.8	2.3	75	0.9	8.4 
58321	2011	2	17	3.6	8.6	-0.4	77	1.3	9.2 
58321	2011	2	18	3.2	8.2	-1.3	72	1.7	14.0 
58321	2011	2	19	5.9	10.7	2.2	52	1.7	15.4 
58321	2011	2	20	4.5	11.8	-1.2	62	1.1	15.6 
58321	2011	2	21	5.6	12.8	-0.4	67	1.1	15.6 
58321	2011	2	22	7.3	15.2	0.5	57	0.8	13.0 
58321	2011	2	23	10.2	18.7	2.9	59	1.6	12.7 
58321	2011	2	24	14	21.7	6.5	60	1.5	7.5 
58321	2011	2	25	11.5	16	10	61	4.2	6.5 
58321	2011	2	26	7	10.2	5.1	84	2.4	6.6 
58321	2011	2	27	4.5	7.8	2.6	93	2.9	6.6 
58321	2011	2	28	3.5	5	2.7	88	2.6	9.3 
58321	2011	3	1	1.8	3.4	1	86	2.6	6.8 
58321	2011	3	2	3.4	8	-2	74	0.7	6.8 
58321	2011	3	3	7.1	11.4	4.1	52	1.7	6.9 
58321	2011	3	4	6	11.6	0.1	64	2	6.9 
58321	2011	3	5	7.1	8.8	4.7	68	1.8	7.0 
58321	2011	3	6	8	9.4	7.1	79	0.9	7.1 
58321	2011	3	7	7.6	13.5	1.5	61	1.5	18.4 
58321	2011	3	8	10.3	19.1	2	56	1.4	7.2 
58321	2011	3	9	10.7	15.3	5	48	2.1	11.9 
58321	2011	3	10	8.8	16.6	1.9	40	0.9	20.0 
58321	2011	3	11	10.2	17	1.8	42	1.6	19.6 
58321	2011	3	12	13.1	21.5	5.2	54	1.6	19.0 
58321	2011	3	13	14.6	19.5	10	70	2.4	17.5 
58321	2011	3	14	14.1	19.5	10.7	66	3.7	7.5 
58321	2011	3	15	7.8	11.9	4.6	52	3.3	15.5 
58321	2011	3	16	9	15.6	2.6	28	2.9	20.6 
58321	2011	3	17	10.1	18.4	2.2	37	1.8	20.1 
58321	2011	3	18	13.5	20	8.8	48	2.6	18.2 
58321	2011	3	19	12.5	15.9	11.2	83	2.1	21.5 
58321	2011	3	20	10	12.7	8.2	94	2.2	7.9 
58321	2011	3	21	5.8	8.4	3.6	93	2.5	18.3 
58321	2011	3	22	8.4	12.1	5.7	57	1.6	8.0 
58321	2011	3	23	9.5	14.4	3	54	1.4	8.0 
58321	2011	3	24	10.4	13.3	7.4	42	4	8.1 
58321	2011	3	25	9.5	13.8	4.7	36	1.7	20.8 
58321	2011	3	26	10.9	16.4	5.2	42	1.2	23.7 
58321	2011	3	27	12.5	19.1	5.6	38	2.3	12.5 
58321	2011	3	28	13.9	20.8	6.3	35	1.7	21.7 
58321	2011	3	29	12.3	18.4	8.2	44	2.3	13.8 
58321	2011	3	30	13.3	19.7	5.9	47	2	8.4 
58321	2011	3	31	16.1	23.7	7.6	38	1.9	15.4 
58321	2011	4	1	19.5	25.8	14.8	50	2	8.4 
58321	2011	4	2	11.4	21.2	7.1	64	4.5	21.3 
58321	2011	4	3	8.2	12.5	4.6	62	2.6	23.4 
58321	2011	4	4	11	17.2	3.7	42	1.3	21.4 
58321	2011	4	5	12.5	19	5.6	43	3.2	24.2 
58321	2011	4	6	10.7	14.7	9.7	75	1.4	8.6 
58321	2011	4	7	11.8	14.2	9.8	86	1.1	25.2 
58321	2011	4	8	14.4	20.1	8.6	79	0.8	11.7 
58321	2011	4	9	18.3	24.7	11.7	57	1.9	23.7 
58321	2011	4	10	19.7	27	13.6	59	3	9.7 
58321	2011	4	11	14.9	19.7	9.5	46	2.7	8.8 
58321	2011	4	12	16.4	22	9.6	44	2.2	8.8 
58321	2011	4	13	18	22.5	14.4	70	1.9	11.7 
58321	2011	4	14	20.4	26.9	13.7	80	2	8.9 
58321	2011	4	15	23.7	29.4	19.4	79	1.2	12.1 
58321	2011	4	16	17.5	24.3	14.6	35	4.1	27.1 
58321	2011	4	17	18.8	26.6	9.7	43	2.4	23.1 
58321	2011	4	18	18.2	22.3	14.4	21	4.4	9.0 
58321	2011	4	19	15.7	20.6	9	32	2.7	9.3 
58321	2011	4	20	18.6	26	10.4	46	3.1	9.0 
58321	2011	4	21	19.5	22.3	18.4	63	1	9.1 
58321	2011	4	22	17.9	21	15.7	63	3	13.8 
58321	2011	4	23	19.3	28.9	11	57	2	27.1 
58321	2011	4	24	19.3	24.7	15	43	1.9	24.2 
58321	2011	4	25	23.5	34.7	14.6	43	3.8	14.1 
58321	2011	4	26	25.3	32.2	17.1	41	1.6	24.6 
58321	2011	4	27	21.1	26	17.1	52	2.2	27.3 
58321	2011	4	28	20.1	25.9	12.1	43	2.1	26.9 
58321	2011	4	29	25.8	33.6	17.8	52	5.3	27.0 
58321	2011	4	30	27.4	31.4	24.9	53	4.3	28.6 
58321	2011	5	1	24.3	28.8	19	30	2.7	28.9 
58321	2011	5	2	19.9	25	15.4	46	3	29.2 
58321	2011	5	3	16.9	22.2	13.1	71	2.3	29.3 
58321	2011	5	4	17.8	22.8	13.3	61	2.1	17.1 
58321	2011	5	5	19.9	25.4	14	68	3.8	16.0 
58321	2011	5	6	24.6	30.5	15.9	57	2.6	19.2 
58321	2011	5	7	27.4	33.2	21.1	70	1.8	29.6 
58321	2011	5	8	29.4	33.6	24.4	63	3.8	9.3 
58321	2011	5	9	28.6	32.4	25	64	5.6	11.2 
58321	2011	5	10	25.2	33.9	16.7	80	4.3	26.8 
58321	2011	5	11	17.2	18.9	15.3	86	2.2	30.4 
58321	2011	5	12	21.9	27.1	17.5	61	2.6	24.1 
58321	2011	5	13	21.9	28.8	12.5	42	1.7	11.3 
58321	2011	5	14	23.2	27.2	19	37	1.8	9.3 
58321	2011	5	15	22.8	28.5	14.9	48	1.5	9.3 
58321	2011	5	16	23.6	29.3	17.5	54	1	9.3 
58321	2011	5	17	25	31.6	17.8	56	3.1	9.3 
58321	2011	5	18	28.1	33.5	23.5	45	6.4	9.3 
58321	2011	5	19	29.6	35.5	21.9	43	2.1	26.2 
58321	2011	5	20	29.4	36.4	22.9	57	1.8	29.3 
58321	2011	5	21	19.6	28.1	18	55	4	10.3 
58321	2011	5	22	14.6	19.7	10.8	70	4	9.3 
58321	2011	5	23	14.1	17.3	10.4	83	2.3	12.6 
58321	2011	5	24	18	22.2	14.8	66	2.3	31.3 
58321	2011	5	25	20.9	24.6	17.6	49	1.9	29.2 
58321	2011	5	26	20.2	26.3	14	61	2	23.3 
58321	2011	5	27	22.1	28.3	16.2	66	2.1	9.3 
58321	2011	5	28	23.4	29.8	17.2	53	2	9.3 
58321	2011	5	29	23.4	29.8	15.8	47	1.7	23.0 
58321	2011	5	30	26.3	32.2	22.2	46	1.9	30.2 
58321	2011	5	31	22.1	27.2	20.3	73	2.2	27.3 
58321	2011	6	1	24.3	33.6	15.5	60	1.7	14.2 
58321	2011	6	2	26.3	30.5	20.9	52	1.7	22.3 
58321	2011	6	3	25.9	32	19.3	63	2	18.6 
58321	2011	6	4	22	27.4	20.6	89	1.9	28.7 
58321	2011	6	5	25.1	30.4	20.7	79	1.8	19.8 
58321	2011	6	6	20.6	25.6	19.3	94	1.5	27.6 
58321	2011	6	7	23.7	29.4	19.6	83	1.1	28.2 
58321	2011	6	8	28.3	34.6	21.4	73	2.6	9.3 
58321	2011	6	9	28.7	35.6	23.8	73	2	9.3 
58321	2011	6	10	24.3	27.3	23.1	90	1.7	9.3 
58321	2011	6	11	25.1	29.5	20.9	79	1.4	13.4 
58321	2011	6	12	26.9	32.3	21.3	70	1.1	24.3 
58321	2011	6	13	27.8	32.9	24	73	2.2	16.8 
58321	2011	6	14	21.3	25.2	19.6	94	2	11.0 
58321	2011	6	15	20.5	22	19.6	92	2.1	28.3 
58321	2011	6	16	23.5	27.3	19.8	81	1.8	25.6 
58321	2011	6	17	23.8	26.1	21.9	93	1.8	19.8 
58321	2011	6	18	22.1	23.7	20.7	96	1.4	29.8 
58321	2011	6	19	23.1	26.9	19.9	78	2.2	12.7 
58321	2011	6	20	24.8	29.4	19.6	77	1.9	24.5 
58321	2011	6	21	24.3	26.2	22.9	94	1.5	25.3 
58321	2011	6	22	28.6	33.9	24.5	85	2.4	22.1 
58321	2011	6	23	29.1	34.2	25.4	81	2.5	9.3 
58321	2011	6	24	25.3	27.4	23.6	95	1.3	9.3 
58321	2011	6	25	22.8	24	22.2	86	3.9	26.9 
58321	2011	6	26	24	27.9	20.5	75	3.1	24.5 
58321	2011	6	27	26.3	31.5	19.9	68	2	27.5 
58321	2011	6	28	25.9	29.1	24.9	85	1.1	22.1 
58321	2011	6	29	27.8	32	23.5	81	2.1	20.0 
58321	2011	6	30	27.6	30.9	26	84	3	30.5 
58321	2011	7	1	29.1	32.9	26.1	79	4.3	20.3 
58321	2011	7	2	31.4	35	27.1	71	4.5	22.6 
58321	2011	7	3	31.9	35.5	28.6	66	4.2	15.3 
58321	2011	7	4	30.6	35.4	26.7	77	1.5	9.3 
58321	2011	7	5	29.9	35.6	26.6	85	1.5	9.3 
58321	2011	7	6	32	36	27.6	75	1.8	24.6 
58321	2011	7	7	28.9	32.8	27.1	76	3.4	27.6 
58321	2011	7	8	25.8	30.9	21.8	80	2.3	9.3 
58321	2011	7	9	28.8	34.3	22.1	68	1.6	17.9 
58321	2011	7	10	28.3	31.9	25.2	74	1.5	9.3 
58321	2011	7	11	27.8	32.2	24	87	2	9.3 
58321	2011	7	12	25.2	27.2	22.9	89	2.2	9.3 
58321	2011	7	13	25.6	27.7	24.3	90	0.8	9.3 
58321	2011	7	14	23.1	26.1	20.7	88	1.5	9.9 
58321	2011	7	15	24.2	26.6	22.7	88	1.7	9.3 
58321	2011	7	16	23.6	25.4	22.5	96	2.2	9.3 
58321	2011	7	17	24.4	25.6	23.3	97	1.9	10.6 
58321	2011	7	18	25.6	28.6	24.3	93	2.4	14.6 
58321	2011	7	19	23.8	25.5	22.9	99	2.1	25.4 
58321	2011	7	20	24.3	28.2	22.7	94	2.4	12.0 
58321	2011	7	21	27.2	32.3	21.6	85	1.3	9.3 
58321	2011	7	22	30.3	34.8	24.9	75	1.7	14.0 
58321	2011	7	23	30.5	35.5	27.3	80	1.9	13.5 
58321	2011	7	24	31.9	36.8	27.3	76	1.7	19.1 
58321	2011	7	25	31.4	36.8	26.8	77	2.9	26.5 
58321	2011	7	26	31.7	36.2	27.4	77	2.2	23.2 
58321	2011	7	27	25.8	31.4	24.1	90	1.4	26.0 
58321	2011	7	28	30.2	34.7	25.5	79	1.8	26.5 
58321	2011	7	29	31.8	36	27.4	77	1.9	24.5 
58321	2011	7	30	32.3	37.1	28.5	71	1.9	25.2 
58321	2011	7	31	29.7	31.7	27.3	75	1.5	29.2 
58321	2011	8	1	28.8	32.6	26.7	84	2.1	21.9 
58321	2011	8	2	28.2	33.1	24.9	87	1.6	28.5 
58321	2011	8	3	25	26.2	24.3	95	1.5	30.6 
58321	2011	8	4	25.7	29.4	23.1	83	1.1	30.7 
58321	2011	8	5	28.1	32.7	24.4	80	1.4	17.8 
58321	2011	8	6	28.6	32.5	26.1	82	2.2	20.9 
58321	2011	8	7	28.8	32.6	26.6	81	2.6	27.3 
58321	2011	8	8	27.8	31.4	25.4	87	1.2	30.0 
58321	2011	8	9	28.8	32.3	25.9	88	1.6	29.4 
58321	2011	8	10	27.8	33	25.6	88	1.9	27.3 
58321	2011	8	11	27.5	30.5	24.3	92	2.1	25.3 
58321	2011	8	12	29.2	33.6	25.6	81	1.4	23.3 
58321	2011	8	13	28.9	33.7	23.9	87	1.8	28.4 
58321	2011	8	14	29.5	33.5	26	84	2.3	25.7 
58321	2011	8	15	31.2	34.4	28.6	77	3.4	17.9 
58321	2011	8	16	31.8	35.3	29.9	76	3.7	9.1 
58321	2011	8	17	31.9	35.2	28.5	76	2.1	26.5 
58321	2011	8	18	32.3	36.3	28	74	2	26.9 
58321	2011	8	19	27	33	23.6	86	2.3	27.6 
58321	2011	8	20	26.2	28.6	24.6	87	2.3	29.0 
58321	2011	8	21	25.4	28.5	23.8	88	2.5	28.7 
58321	2011	8	22	23.8	25.2	22.6	93	2	22.2 
58321	2011	8	23	21.9	23.4	19.9	92	2.3	9.0 
58321	2011	8	24	21.6	26.1	18	84	2	10.7 
58321	2011	8	25	22.1	23.1	21.3	95	1.7	8.9 
58321	2011	8	26	23.7	25.5	21.7	98	1.5	8.9 
58321	2011	8	27	25	27.1	23.5	94	1.2	8.9 
58321	2011	8	28	26	30.7	23.3	92	1.2	12.5 
58321	2011	8	29	25.8	30.2	24.1	96	0.8	23.3 
58321	2011	8	30	24.9	27.9	24.1	97	2.2	24.1 
58321	2011	8	31	25.7	28.8	23.6	91	2.6	21.8 
58321	2011	9	1	27.5	31.7	23.4	79	2.1	10.9 
58321	2011	9	2	27.6	31.9	23.9	75	2.2	8.7 
58321	2011	9	3	26.9	30.9	23.2	71	2	8.7 
58321	2011	9	4	26.3	30.4	21.6	68	1.5	13.1 
58321	2011	9	5	25.4	29.6	23.2	65	2.3	10.6 
58321	2011	9	6	24.3	27.3	22.7	75	2.2	15.9 
58321	2011	9	7	23.2	26.5	20.6	80	2.4	8.6 
58321	2011	9	8	21.1	23.1	20.2	92	1.9	8.5 
58321	2011	9	9	20.7	21.6	20.4	95	2.2	8.5 
58321	2011	9	10	21.9	24.1	20.2	89	2.3	8.4 
58321	2011	9	11	24	27.2	21.2	83	1.9	8.4 
58321	2011	9	12	26	30.5	21.7	84	1.9	9.1 
58321	2011	9	13	27.7	32.7	23.5	82	1.4	8.3 
58321	2011	9	14	28.2	33.5	24.6	84	1.8	8.3 
58321	2011	9	15	27.6	34.6	25.2	87	1.8	8.2 
58321	2011	9	16	25	27.8	23.4	88	2.1	19.2 
58321	2011	9	17	24.3	29.1	19.9	89	2.9	20.1 
58321	2011	9	18	18.2	20.4	16.4	72	4.3	21.2 
58321	2011	9	19	14.2	18.2	12.7	82	3.6	21.6 
58321	2011	9	20	16.3	20.3	13.2	77	2.5	21.8 
58321	2011	9	21	18.6	24.8	13.1	59	1.7	21.7 
58321	2011	9	22	20.3	25.9	15.5	57	1.3	7.9 
58321	2011	9	23	20.4	27.1	14.7	60	1.7	15.8 
58321	2011	9	24	21.6	27.4	14.4	56	1.7	16.9 
58321	2011	9	25	22	27	17.6	60	1.7	7.8 
58321	2011	9	26	23.1	27.4	20.2	70	1.7	7.7 
58321	2011	9	27	23.3	25.6	21.6	83	2.6	7.7 
58321	2011	9	28	25.6	30.4	21.4	77	1.9	7.6 
58321	2011	9	29	19.5	26.8	18.2	88	3	14.8 
58321	2011	9	30	18.5	19.9	17.5	92	2	19.6 
58321	2011	10	1	18.8	20.8	17.3	84	3	8.7 
58321	2011	10	2	16.6	18.6	14.5	88	2.9	8.1 
58321	2011	10	3	17.4	20.4	15.6	72	2.1	18.6 
58321	2011	10	4	17.5	22.4	12.7	65	1.9	18.9 
58321	2011	10	5	18.5	23.9	13.8	71	1.3	17.3 
58321	2011	10	6	19.7	26.9	13.7	73	0.9	16.1 
58321	2011	10	7	19.3	26.2	13.6	76	0.9	11.6 
58321	2011	10	8	20.3	27.1	13.5	69	1.2	8.2 
58321	2011	10	9	21.3	27.9	15.7	65	1.7	15.2 
58321	2011	10	10	22.2	27.7	17.4	77	2.4	14.2 
58321	2011	10	11	21.5	24.1	19.6	77	2.9	6.9 
58321	2011	10	12	18.9	22.1	16.8	87	2.2	6.8 
58321	2011	10	13	17.5	19.3	16	88	1.9	6.7 
58321	2011	10	14	19.7	26	14.3	61	1.8	6.7 
58321	2011	10	15	18.7	23.9	14.6	47	3.1	10.3 
58321	2011	10	16	17.9	24.4	11.8	55	1.3	15.9 
58321	2011	10	17	18.2	26.6	11.4	66	1.2	16.3 
58321	2011	10	18	19.2	25.4	13.1	58	1.6	9.3 
58321	2011	10	19	17.5	22.2	13	59	2.9	13.0 
58321	2011	10	20	18.6	22.7	15.7	63	1.9	14.5 
58321	2011	10	21	19.5	24.3	16.5	72	1	14.4 
58321	2011	10	22	18.8	23.2	14	80	1.2	14.3 
58321	2011	10	23	19.7	22.8	17.5	79	1.7	6.1 
58321	2011	10	24	15.5	17.7	14.2	87	2.7	6.0 
58321	2011	10	25	13.5	17.7	10	62	2.4	6.0 
58321	2011	10	26	13.3	17	9.4	65	2.3	13.2 
58321	2011	10	27	13.8	18.3	10.1	76	1.5	12.8 
58321	2011	10	28	13.7	14.5	13.1	92	1.3	12.9 
58321	2011	10	29	14	14.6	13.3	99	1	11.3 
58321	2011	10	30	16	18.6	14.1	92	1	12.4 
58321	2011	10	31	16.3	20.9	13.4	70	2.2	12.0 
58321	2011	11	1	17.1	23.5	11	76	1.2	10.4 
58321	2011	11	2	18.5	23	14.6	79	2.2	5.4 
58321	2011	11	3	17.9	20.6	15.5	91	1.9	8.0 
58321	2011	11	4	19.9	22.4	17.8	91	1.3	11.2 
58321	2011	11	5	19.5	22.3	18.1	93	3	11.8 
58321	2011	11	6	17.1	18.5	16.9	98	2.6	11.8 
58321	2011	11	7	16	17	15.1	91	3.4	11.9 
58321	2011	11	8	13.5	16.1	11.9	88	3.2	12.0 
58321	2011	11	9	13	14.4	12	76	2.6	11.7 
58321	2011	11	10	12.7	17.4	9.4	67	1.4	10.9 
58321	2011	11	11	11.7	18.6	6.1	74	0.6	6.0 
58321	2011	11	12	13	19.9	7.8	81	1.3	11.3 
58321	2011	11	13	13.5	19	8.2	64	1	10.4 
58321	2011	11	14	14	19.5	9.8	76	1.2	4.7 
58321	2011	11	15	14.9	19.7	11	77	2.1	4.6 
58321	2011	11	16	16.2	22	10.6	81	1.5	6.5 
58321	2011	11	17	17.8	23.9	12.6	89	1.2	7.5 
58321	2011	11	18	15.2	19	13.5	98	1.7	10.2 
58321	2011	11	19	13.7	15.1	11.8	79	2.6	9.6 
58321	2011	11	20	10.9	15.3	7	64	2	9.5 
58321	2011	11	21	10.9	16.6	6.5	52	2	4.7 
58321	2011	11	22	12.7	17	10	70	1.7	9.6 
58321	2011	11	23	10	14.4	7.3	58	3.4	9.2 
58321	2011	11	24	8.5	14.6	3.7	58	2.2	6.6 
58321	2011	11	25	12.4	19.7	6.4	64	1.5	8.4 
58321	2011	11	26	13.6	21.5	7.3	74	1.1	8.5 
58321	2011	11	27	14.5	19	11.4	81	1.1	8.7 
58321	2011	11	28	14.3	20.6	9.9	87	1.2	8.5 
58321	2011	11	29	13.9	16.2	12.8	98	1.9	8.5 
58321	2011	11	30	4.8	13	2.4	95	3.4	8.4 
58321	2011	12	1	3	5.2	1.4	70	3.7	8.2 
58321	2011	12	2	3.8	9.2	-0.9	70	1.3	8.3 
58321	2011	12	3	5.2	10.1	1.3	76	1.3	8.3 
58321	2011	12	4	6.8	11.1	2.3	68	1.7	8.6 
58321	2011	12	5	10	13.3	7.7	80	2.7	7.8 
58321	2011	12	6	9.7	11.6	8.2	91	1.9	6.7 
58321	2011	12	7	6.7	8.5	5.9	97	3.4	8.1 
58321	2011	12	8	6	8.2	3.4	68	3.7	7.8 
58321	2011	12	9	1.6	4.9	-1.2	53	2.9	7.9 
58321	2011	12	10	0.9	6.5	-2.9	64	1.6	7.9 
58321	2011	12	11	1.2	8.3	-3.9	69	1.4	7.1 
58321	2011	12	12	2.5	9.7	-2.7	67	0.9	3.6 
58321	2011	12	13	3.5	10.5	-2	67	0.9	3.6 
58321	2011	12	14	4.9	12.1	-1.4	69	1.2	3.6 
58321	2011	12	15	5	8.1	3	61	3.6	3.5 
58321	2011	12	16	1.8	5.8	-2.7	49	1.7	7.3 
58321	2011	12	17	1	5.9	-4.4	46	1.3	7.6 
58321	2011	12	18	1.4	5.3	-0.7	60	1	7.8 
58321	2011	12	19	2.2	9.3	-3.6	77	1.1	5.5 
58321	2011	12	20	3.7	7.9	0.1	83	1.4	7.1 
58321	2011	12	21	4.9	8	2.6	88	1.7	7.2 
58321	2011	12	22	3	6.6	0.7	57	2.7	7.4 
58321	2011	12	23	1.1	7.1	-4	61	1.1	6.7 
58321	2011	12	24	1.8	9.5	-3.3	58	1.3	3.5 
58321	2011	12	25	1.9	10.1	-2.5	59	1	4.4 
58321	2011	12	26	3.2	8.9	-1.8	55	1.6	7.4 
58321	2011	12	27	6.1	7.7	4.2	70	2	7.5 
58321	2011	12	28	5.5	10.3	2	78	1.3	7.3 
58321	2011	12	29	5	9	1.5	87	2.7	7.0 
58321	2011	12	30	5.2	9	2.6	62	2	7.9 
58321	2011	12	31	3.4	9.6	-0.4	79	0.9	7.8 
58321	2012	1	1	3.2	8	-0.1	85	0.7	4.1 
58321	2012	1	2	3.5	8.5	-1.6	75	1.3	6.8 
58321	2012	1	3	2.2	4.7	1.6	65	2.5	3.6 
58321	2012	1	4	-0.3	5.5	-4.9	52	1.2	7.9 
58321	2012	1	5	1.2	6.1	-4.8	40	1.4	7.6 
58321	2012	1	6	3.1	7.4	-0.8	42	1.9	7.9 
58321	2012	1	7	3.5	7.7	-1.2	56	2.6	6.6 
58321	2012	1	8	5.1	7.9	3.2	73	1.9	3.8 
58321	2012	1	9	4.4	7.3	1.3	84	0.9	3.8 
58321	2012	1	10	5.1	9	-0.1	75	1.6	6.0 
58321	2012	1	11	4.1	7	2.3	61	2.2	7.2 
58321	2012	1	12	2.5	4.4	0	69	1.3	3.9 
58321	2012	1	13	4.7	5.9	3.5	72	0.9	4.0 
58321	2012	1	14	4	5.5	3.3	89	1.6	4.0 
58321	2012	1	15	4.5	5.1	3.6	86	1.9	4.0 
58321	2012	1	16	5.6	7.6	4.3	80	1.7	4.1 
58321	2012	1	17	5.1	7.6	1.1	86	1.6	4.8 
58321	2012	1	18	5	6.3	4.6	93	2.2	4.2 
58321	2012	1	19	5.4	6.5	4.5	94	2.5	4.2 
58321	2012	1	20	4.7	6.2	3.1	76	2.2	4.3 
58321	2012	1	21	0.9	4.8	-0.9	84	3.2	4.3 
58321	2012	1	22	-2.1	-0.3	-3.5	74	2.3	8.3 
58321	2012	1	23	-2.5	1.5	-6.6	71	1.4	9.3 
58321	2012	1	24	-0.4	3.1	-3.7	61	1.6	6.9 
58321	2012	1	25	-0.7	4.6	-5.2	61	1.4	9.2 
58321	2012	1	26	1.8	8.3	-2.8	69	1.8	9.9 
58321	2012	1	27	3.1	8.1	-2.7	76	1.4	7.9 
58321	2012	1	28	4.7	6.1	3.4	94	2.6	4.7 
58321	2012	1	29	5.4	7.9	3.5	78	2	4.8 
58321	2012	1	30	4.4	6.6	2.3	84	1.7	4.8 
58321	2012	1	31	4.9	12.3	-1.1	78	2.2	9.8 
58321	2012	2	1	2.6	7.6	0.7	84	2.4	4.9 
58321	2012	2	2	0.7	3.4	-2.1	43	2.9	10.9 
58321	2012	2	3	1	6.7	-3.6	51	1.8	11.2 
58321	2012	2	4	3.3	7.5	-1.1	60	1.5	6.2 
58321	2012	2	5	5.3	10.8	-1.2	74	1.4	10.7 
58321	2012	2	6	6.7	8.9	5.3	86	2.2	5.2 
58321	2012	2	7	1.5	7.8	-0.7	31	2.7	12.6 
58321	2012	2	8	0.9	5.8	-3	28	1.8	9.6 
58321	2012	2	9	0.1	3.3	-3.3	56	1.5	5.4 
58321	2012	2	10	1.6	5.9	-0.5	66	1	9.4 
58321	2012	2	11	1.9	8.1	-3.8	66	1.2	12.9 
58321	2012	2	12	3.4	5	0.6	90	1.2	5.6 
58321	2012	2	13	4	5	3.2	90	2.2	5.7 
58321	2012	2	14	4.5	5.6	3.3	93	1.7	5.8 
58321	2012	2	15	2.6	5.6	1.2	93	3.4	5.8 
58321	2012	2	16	3.6	7.4	1.5	81	1.7	10.4 
58321	2012	2	17	4.3	8.2	2.3	62	1.7	11.1 
58321	2012	2	18	2.3	6.9	-2.5	36	1.5	14.1 
58321	2012	2	19	3.3	9	-2	49	1.4	14.9 
58321	2012	2	20	3.7	5.7	-0.5	65	1.4	6.2 
58321	2012	2	21	7.1	11.9	4.8	79	1.4	6.6 
58321	2012	2	22	7.4	8.1	6.7	96	1.2	6.3 
58321	2012	2	23	6.7	7.9	6.1	87	2.5	6.4 
58321	2012	2	24	3.4	6.4	2.6	77	2.8	6.4 
58321	2012	2	25	3.3	4.9	1.4	66	2.1	6.5 
58321	2012	2	26	3.8	6.7	0.5	42	2.6	13.6 
58321	2012	2	27	3.8	6.8	0.3	59	2.3	11.7 
58321	2012	2	28	3.8	5.1	2	80	2.6	6.7 
58321	2012	2	29	4.4	5.8	2.5	85	1.3	6.8 
58321	2012	3	1	5.5	8.1	3.5	89	2	6.8 
58321	2012	3	2	5.4	7.1	4.8	90	2.5	6.9 
58321	2012	3	3	5	6.2	4.4	85	2.5	6.9 
58321	2012	3	4	4.6	5.1	3.9	96	1.7	7.0 
58321	2012	3	5	4.1	6.9	2.7	90	2	7.1 
58321	2012	3	6	6.5	12.8	-0.4	78	1.6	14.9 
58321	2012	3	7	6.9	10.8	5.6	80	2.1	7.2 
58321	2012	3	8	5.4	7.5	3.8	82	2.3	7.3 
58321	2012	3	9	6.7	9.5	4.5	63	2.3	9.1 
58321	2012	3	10	5.9	11.9	0.8	73	1.3	16.5 
58321	2012	3	11	6.2	10.1	2.1	63	2.9	16.1 
58321	2012	3	12	5.5	10.4	0.4	54	1.8	16.2 
58321	2012	3	13	8	16	1.9	58	1.3	18.6 
58321	2012	3	14	13.1	20.9	4.3	46	2.1	18.9 
58321	2012	3	15	11.9	16.2	9.8	74	2.7	7.7 
58321	2012	3	16	9.8	11.6	8.2	89	2.3	7.7 
58321	2012	3	17	9.5	12.1	5.6	91	1.3	9.7 
58321	2012	3	18	12.5	17.6	7.8	79	2	16.5 
58321	2012	3	19	6.5	14.2	4.8	82	4.5	7.9 
58321	2012	3	20	7.1	11.2	4.2	79	2.4	12.9 
58321	2012	3	21	9.7	14.6	4.1	64	2.7	16.2 
58321	2012	3	22	8.6	13.4	6.5	87	2.8	8.0 
58321	2012	3	23	9.6	15.6	5.8	64	3.9	17.3 
58321	2012	3	24	11.7	19.2	5.8	37	2.3	23.2 
58321	2012	3	25	13.3	22.7	4.5	52	1.4	22.7 
58321	2012	3	26	15.3	23	7.4	56	2	21.9 
58321	2012	3	27	18.7	26.8	12	45	1.6	22.8 
58321	2012	3	28	19.5	26.8	11.3	47	2	22.2 
58321	2012	3	29	17.1	21	15.7	63	1.4	8.4 
58321	2012	3	30	14.7	17.1	14	82	1.3	8.4 
58321	2012	3	31	14.5	21.6	8	51	2.4	23.9 
58321	2012	4	1	17.4	23.6	11.8	48	3.5	24.4 
58321	2012	4	2	18.4	27	12.5	57	3.4	20.9 
58321	2012	4	3	12.1	19.2	6.8	59	2.9	23.7 
58321	2012	4	4	15.5	22	8.7	64	1.8	18.7 
58321	2012	4	5	15.8	22.6	9.1	69	1.9	21.3 
58321	2012	4	6	18.7	25.7	11.4	48	2	22.8 
58321	2012	4	7	18.6	24.6	11.4	45	1.6	23.5 
58321	2012	4	8	19.5	25.4	14.7	56	1.8	18.2 
58321	2012	4	9	16.8	21.8	14.7	86	1.4	10.3 
58321	2012	4	10	19.9	24.7	15.1	88	1.7	19.6 
58321	2012	4	11	19.3	23	16.1	75	2.6	22.2 
58321	2012	4	12	16.5	20.9	12.1	79	2.5	10.3 
58321	2012	4	13	15.7	22.4	11.3	68	2.4	21.5 
58321	2012	4	14	17.1	22.1	10.7	73	1.3	16.7 
58321	2012	4	15	18.7	23.4	12.4	62	1.1	19.0 
58321	2012	4	16	18.8	24.9	11.9	64	1.6	19.7 
58321	2012	4	17	19.4	25.2	14.3	67	3.1	22.3 
58321	2012	4	18	19.2	21.7	16.7	63	1.5	9.0 
58321	2012	4	19	19.8	25.4	13.9	74	1.8	26.4 
58321	2012	4	20	15.7	20.2	14.7	87	1.8	9.1 
58321	2012	4	21	16.3	21.1	13.8	85	2.5	15.3 
58321	2012	4	22	20.1	27.3	12.6	74	3	27.3 
58321	2012	4	23	25.3	30.7	19.1	52	4	28.0 
58321	2012	4	24	22.2	27.2	20.9	93	3.1	9.1 
58321	2012	4	25	18.5	22.4	15.8	65	4.5	20.4 
58321	2012	4	26	19.2	25.4	11	51	2.3	27.7 
58321	2012	4	27	21.4	28.8	11.8	50	2.1	28.8 
58321	2012	4	28	24.1	29.2	17.3	61	2.5	27.0 
58321	2012	4	29	23.3	27.2	20.6	84	1.5	9.2 
58321	2012	4	30	19.6	23.1	18.3	88	3	9.2 
58321	2012	5	1	18.1	19.3	16.9	92	2.9	9.2 
58321	2012	5	2	20.8	27.1	14.9	76	1.4	25.5 
58321	2012	5	3	22.2	26.8	17.6	78	1.3	15.1 
58321	2012	5	4	24.7	30.5	20.4	59	1.4	25.8 
58321	2012	5	5	24.2	30.6	17.5	57	1	28.1 
58321	2012	5	6	25.9	32.9	18.5	60	1.6	28.9 
58321	2012	5	7	24.6	29.3	20.4	76	2.2	19.8 
58321	2012	5	8	22.5	24.7	21.1	96	1.5	9.3 
58321	2012	5	9	23.4	27.9	19.6	76	2	22.4 
58321	2012	5	10	23.1	28.5	17.6	71	1.9	26.3 
58321	2012	5	11	23.5	29.5	18	71	2.5	29.2 
58321	2012	5	12	23.9	27.9	20.2	74	2.9	14.1 
58321	2012	5	13	22.1	26.1	19.8	78	2	9.3 
58321	2012	5	14	19.7	22.6	17	89	1.4	9.3 
58321	2012	5	15	20.8	26	13.9	73	2	27.0 
58321	2012	5	16	23.7	29.8	16	65	2.1	31.2 
58321	2012	5	17	24.2	30.6	16.7	48	1.4	31.4 
58321	2012	5	18	26.4	31.7	19.2	43	2.1	25.5 
58321	2012	5	19	20	26.8	18.1	89	2.5	9.3 
58321	2012	5	20	18.6	21.2	16.5	83	3.1	9.3 
58321	2012	5	21	21.1	26.9	16.1	65	3	28.9 
58321	2012	5	22	23.1	27.6	18.1	54	2.2	27.1 
58321	2012	5	23	21.9	26.2	19.7	78	2.1	9.3 
58321	2012	5	24	21.8	26.3	19.2	83	1.2	10.1 
58321	2012	5	25	22.8	27.2	18.6	79	1.4	15.2 
58321	2012	5	26	23.6	28.1	20.1	74	1.2	18.7 
58321	2012	5	27	24.9	30	20.1	63	2.3	24.8 
58321	2012	5	28	25.2	31.2	19.8	43	1.9	30.2 
58321	2012	5	29	23.1	27.3	19.9	74	2.7	16.0 
58321	2012	5	30	22.6	27.7	18.5	78	2.8	21.0 
58321	2012	5	31	22.1	25.1	19	79	2	13.4 
58321	2012	6	1	22.5	25.2	20.1	72	2.4	11.7 
58321	2012	6	2	23.4	28.5	18.9	65	2.5	27.7 
58321	2012	6	3	23.6	26.6	19.7	62	2.9	24.6 
58321	2012	6	4	24.6	28.9	21	73	2	24.8 
58321	2012	6	5	25.6	29.5	21.7	75	1.7	17.0 
58321	2012	6	6	22.9	25.9	21.8	94	1.6	9.3 
58321	2012	6	7	26	30.3	22.8	82	2	24.5 
58321	2012	6	8	28.8	34.6	22.8	69	2.4	29.3 
58321	2012	6	9	30	35.4	26	70	2	24.5 
58321	2012	6	10	28.5	32.6	25.5	85	1.9	20.2 
58321	2012	6	11	27	30.4	24.9	81	1.6	9.3 
58321	2012	6	12	27.9	34.5	21.1	64	1.6	25.4 
58321	2012	6	13	29.5	36.3	23.1	60	2.3	29.6 
58321	2012	6	14	30.2	35.5	23.8	50	1.8	27.5 
58321	2012	6	15	28.2	31.5	24.3	67	1.7	15.3 
58321	2012	6	16	28.2	32.7	23.5	61	1.3	22.3 
58321	2012	6	17	25.5	28.9	22.6	74	1.9	11.0 
58321	2012	6	18	26.2	31.1	22.2	78	1.6	16.3 
58321	2012	6	19	26.2	30.3	22.8	70	2.4	28.8 
58321	2012	6	20	27.1	32	22.1	67	2.4	30.5 
58321	2012	6	21	27.5	32.4	22.3	65	1.7	30.9 
58321	2012	6	22	28.4	32.8	24.4	66	2.8	31.5 
58321	2012	6	23	26.3	30.7	22.2	71	2.4	25.6 
58321	2012	6	24	26.8	32.1	22.3	74	2.2	26.4 
58321	2012	6	25	29.1	33.5	24.1	66	2.1	26.2 
58321	2012	6	26	26.5	30.3	23.9	81	3.4	9.3 
58321	2012	6	27	23.1	24	22.1	97	3.4	9.3 
58321	2012	6	28	26.8	30.5	23.8	92	2	9.3 
58321	2012	6	29	27.4	33.3	25.5	90	1.8	14.7 
58321	2012	6	30	28.3	31.7	26.3	83	1.9	14.7 
58321	2012	7	1	26.8	30.5	24.8	91	1.9	12.3 
58321	2012	7	2	29.6	34.9	26.6	80	2.2	19.6 
58321	2012	7	3	29.8	35.9	24.7	76	2.7	23.3 
58321	2012	7	4	32.2	36.2	27.2	67	3.5	28.2 
58321	2012	7	5	32.2	36.1	28.8	66	4	24.4 
58321	2012	7	6	30.1	33.1	26.9	76	1.4	18.2 
58321	2012	7	7	31.1	34	27.6	79	2.7	13.8 
58321	2012	7	8	31.4	34.8	29	75	3.1	19.5 
58321	2012	7	9	32.7	36.2	29	65	3.7	30.3 
58321	2012	7	10	32.8	36.4	28.3	65	3.3	28.2 
58321	2012	7	11	31.7	36.1	28.5	77	1.8	16.9 
58321	2012	7	12	30.6	32.3	27.9	80	2.5	11.5 
58321	2012	7	13	26.1	31	22.9	92	2.3	9.3 
58321	2012	7	14	25.2	28.5	23	89	2.2	9.3 
58321	2012	7	15	26.2	29.6	23.6	85	1.6	9.3 
58321	2012	7	16	27.9	32.1	22.9	74	1.6	22.0 
58321	2012	7	17	27.9	31.5	25.1	75	2.6	28.7 
58321	2012	7	18	28.3	32.2	24	69	1.9	29.6 
58321	2012	7	19	28.9	33.1	23.9	72	1	25.6 
58321	2012	7	20	30.4	34.7	25.8	71	1.8	30.1 
58321	2012	7	21	31.7	35.7	27.6	76	2.2	28.6 
58321	2012	7	22	32.6	36.8	28.6	72	2.3	30.0 
58321	2012	7	23	32.7	37.1	28.8	72	1.9	30.9 
58321	2012	7	24	32.7	36.4	28.6	69	3.2	29.9 
58321	2012	7	25	32.4	36.7	28.1	68	2.8	31.3 
58321	2012	7	26	32.2	36.5	27.5	68	2.4	31.2 
58321	2012	7	27	33.1	37.1	29.4	66	1.9	30.6 
58321	2012	7	28	31.8	35.5	28.6	73	3.2	31.3 
58321	2012	7	29	32.9	37.2	28.3	69	2.6	31.6 
58321	2012	7	30	33.4	37.8	29.1	67	2.2	30.3 
58321	2012	7	31	32.6	37.4	28.5	64	2.6	30.7 
58321	2012	8	1	31.5	35.4	27.1	62	3.5	30.5 
58321	2012	8	2	30.8	35.8	25.6	65	2.9	30.6 
58321	2012	8	3	30.1	34	27.7	72	3.9	14.0 
58321	2012	8	4	31	35.1	27	74	3.5	28.9 
58321	2012	8	5	30.7	35.2	26.8	70	3.5	28.6 
58321	2012	8	6	30.3	35.4	25.9	67	3.2	28.2 
58321	2012	8	7	30.4	34.8	26	63	3.1	29.3 
58321	2012	8	8	28.6	31.5	26.5	80	5.3	11.1 
58321	2012	8	9	25.7	28.3	25.1	98	5	9.2 
58321	2012	8	10	25.6	29.2	23.9	93	3.8	9.2 
58321	2012	8	11	27.8	30.4	25	89	2.5	12.4 
58321	2012	8	12	28.2	32.2	25.9	87	1.9	17.8 
58321	2012	8	13	28.8	33.6	27.2	91	2.2	16.6 
58321	2012	8	14	29.4	34.7	26.4	87	1.7	21.6 
58321	2012	8	15	28.1	31.4	26.1	85	2	9.6 
58321	2012	8	16	27.4	30.4	24.5	85	2.2	9.1 
58321	2012	8	17	29.6	34	26.8	86	1.7	16.1 
58321	2012	8	18	31.2	36	27.6	81	1.3	21.0 
58321	2012	8	19	30.6	35.2	26.9	78	1.9	23.9 
58321	2012	8	20	28.7	34.8	25.8	82	3.4	23.6 
58321	2012	8	21	24.4	29.5	22.2	96	3.1	9.7 
58321	2012	8	22	22.8	24.7	21.1	81	2.7	9.0 
58321	2012	8	23	23.4	26.3	21.3	73	2.4	9.0 
58321	2012	8	24	24.4	28.7	21.5	75	1.8	18.6 
58321	2012	8	25	26.4	29.7	24.1	84	1.5	8.9 
58321	2012	8	26	28.1	32.5	24.2	79	2.2	26.2 
58321	2012	8	27	27.2	31.6	24.4	85	2.1	19.8 
58321	2012	8	28	27.1	31.7	24.5	82	2.1	19.8 
58321	2012	8	29	27.5	32.5	24.1	85	0.8	21.6 
58321	2012	8	30	28.8	33.2	24.7	79	1.5	20.8 
58321	2012	8	31	28.8	33.4	25.3	78	2.4	21.6 
58321	2012	9	1	28.1	33	24.1	80	2.3	25.0 
58321	2012	9	2	25.9	29.6	23.8	88	2.6	13.3 
58321	2012	9	3	22.9	26.1	20.5	88	2.7	8.7 
58321	2012	9	4	23.4	27.2	21.6	72	1.6	18.6 
58321	2012	9	5	23.8	29.2	18.1	69	1.9	25.2 
58321	2012	9	6	24.2	28.6	20.2	85	2.1	12.4 
58321	2012	9	7	26.8	31.4	23.7	79	1.6	22.5 
58321	2012	9	8	22.5	27.3	19.6	94	2.5	8.5 
58321	2012	9	9	20.6	21.8	19.5	97	1.7	8.4 
58321	2012	9	10	22.9	26.4	19.7	88	1.7	12.2 
58321	2012	9	11	24.5	29.1	20.6	87	2.3	17.3 
58321	2012	9	12	23.1	26	21.9	91	3.1	8.3 
58321	2012	9	13	18.9	22.5	16.8	88	2.2	8.3 
58321	2012	9	14	20.9	27	14.8	74	1.3	23.1 
58321	2012	9	15	20.9	26.9	14.7	68	1.2	22.9 
58321	2012	9	16	21.8	26.9	15	68	1.9	20.7 
58321	2012	9	17	21.4	26.9	17.7	61	1.5	19.3 
58321	2012	9	18	21.5	28.1	16.4	67	1.2	18.8 
58321	2012	9	19	22.3	28.7	16	73	1.9	21.0 
58321	2012	9	20	22.8	28.7	18.4	74	1.2	17.2 
58321	2012	9	21	21.6	23.6	20	88	1.1	7.9 
58321	2012	9	22	22.8	27	19.9	83	1.8	11.7 
58321	2012	9	23	22.3	26.7	19.1	82	1.6	10.9 
58321	2012	9	24	23.8	29.2	17.9	68	2	18.8 
58321	2012	9	25	23.7	28.7	19.3	68	2.8	20.6 
58321	2012	9	26	23.6	28.3	19.4	71	2.3	16.4 
58321	2012	9	27	24.8	29.4	21.9	76	2.3	9.7 
58321	2012	9	28	21.9	25.5	19.7	63	3.2	17.4 
58321	2012	9	29	19.5	25.1	12.9	45	1.6	19.9 
58321	2012	9	30	18.9	25.7	13.1	52	1.5	15.8 
58321	2012	10	1	17.9	25.5	10.9	63	1	19.1 
58321	2012	10	2	18.9	25.9	11.7	65	1.2	18.5 
58321	2012	10	3	19.6	25.8	15.9	63	1.7	13.3 
58321	2012	10	4	19.3	26.5	13.4	70	1.1	14.2 
58321	2012	10	5	20.8	23.8	18.5	72	1.6	7.2 
58321	2012	10	6	21.1	26.4	15.6	69	1.9	15.2 
58321	2012	10	7	21.8	26.4	17.6	62	2	16.5 
58321	2012	10	8	21.4	25.8	18.7	55	2.4	17.0 
58321	2012	10	9	21	26.7	15.8	61	1.2	15.4 
58321	2012	10	10	21.3	27.5	16.7	58	1.7	14.5 
58321	2012	10	11	19	24.4	12.9	55	1.2	15.2 
58321	2012	10	12	20.6	25	17.1	55	2	8.4 
58321	2012	10	13	19.7	21.6	18	70	1.4	6.7 
58321	2012	10	14	21.3	24.9	18.4	68	2.3	6.6 
58321	2012	10	15	22.1	27.6	16.5	58	3.3	13.3 
58321	2012	10	16	18.1	22.9	16.3	92	2.3	6.5 
58321	2012	10	17	16.5	21.3	13.2	64	2.5	15.3 
58321	2012	10	18	15	21.7	8.3	68	1.5	15.5 
58321	2012	10	19	18.5	24.5	13.1	56	1.9	15.4 
58321	2012	10	20	20.1	26.8	15	72	1.5	12.0 
58321	2012	10	21	21.1	26.5	17.4	81	2	10.4 
58321	2012	10	22	16.8	21.8	15.2	74	3.1	6.1 
58321	2012	10	23	14.3	21.3	8.2	70	1.5	14.5 
58321	2012	10	24	15.9	19.5	11.7	71	0.9	6.0 
58321	2012	10	25	17.3	21.1	13.1	75	1.7	11.2 
58321	2012	10	26	18.6	23	16	94	1.2	5.8 
58321	2012	10	27	17.7	22.3	15.3	84	1.5	10.2 
58321	2012	10	28	17.1	23.5	11.5	79	1.6	12.9 
58321	2012	10	29	15.9	17.8	13.8	89	1.9	5.6 
58321	2012	10	30	13.7	17.7	11.5	89	1.6	5.6 
58321	2012	10	31	12.9	19.5	6.9	76	1.7	12.5 
58321	2012	11	1	12.6	18.8	6.6	75	1.3	12.2 
58321	2012	11	2	14.1	20.2	8.4	74	2	11.8 
58321	2012	11	3	12.9	18.8	10.4	91	3.2	5.9 
58321	2012	11	4	10.5	16.8	4.7	58	2.8	12.9 
58321	2012	11	5	9.1	14.6	4.8	55	2.6	12.2 
58321	2012	11	6	9	16	2.6	71	1.4	12.1 
58321	2012	11	7	11	18.5	3.6	70	1.1	12.1 
58321	2012	11	8	12.5	14	11.5	78	1.7	5.0 
58321	2012	11	9	12.1	12.6	10.9	93	2.5	4.9 
58321	2012	11	10	12.6	13.3	12.1	98	3.4	4.9 
58321	2012	11	11	9.4	14.6	5.6	60	2.9	11.5 
58321	2012	11	12	8.8	18.1	2	69	0.9	10.5 
58321	2012	11	13	10.1	17.5	4.5	65	1.5	10.9 
58321	2012	11	14	10.5	15.9	4	44	2.1	10.9 
58321	2012	11	15	9.9	13.4	5	55	2.6	7.2 
58321	2012	11	16	9	11.8	7.6	79	2.6	4.5 
58321	2012	11	17	8.5	15.4	2.3	83	1.5	8.7 
58321	2012	11	18	10.5	17	6.3	79	2.4	9.8 
58321	2012	11	19	10.7	17.6	5.1	78	2.1	9.7 
58321	2012	11	20	10.7	15.2	6.6	78	2.2	7.7 
58321	2012	11	21	11.2	13.3	10.3	96	1.7	4.3 
58321	2012	11	22	11.1	12.3	10.6	99	2.1	4.2 
58321	2012	11	23	8.2	10.9	4.7	90	2.2	4.2 
58321	2012	11	24	6.3	11.2	1.2	80	1.7	8.4 
58321	2012	11	25	7.1	8.7	6.4	90	2.8	4.1 
58321	2012	11	26	5.8	9.1	3.7	90	1.6	5.8 
58321	2012	11	27	7.4	13	0.2	82	2	7.8 
58321	2012	11	28	10.8	16.1	6.9	68	2.2	8.2 
58321	2012	11	29	9.4	12.7	5.8	61	2	7.5 
58321	2012	11	30	9.6	11.8	7.9	83	2.3	3.9 
58321	2012	12	1	6.7	10.6	4.7	83	3.7	3.9 
58321	2012	12	2	5.6	7.2	3.4	92	1.6	3.8 
58321	2012	12	3	6.8	11.3	4.1	75	2.3	7.8 
58321	2012	12	4	5.6	11.4	-0.1	58	1.3	7.3 
58321	2012	12	5	6.5	11.3	2.8	52	3	7.8 
58321	2012	12	6	5.5	11.4	1.3	53	2.3	7.6 
58321	2012	12	7	6.9	12.6	2.7	63	2.1	7.0 
58321	2012	12	8	4.8	11.1	0.1	60	1.6	7.2 
58321	2012	12	9	2.3	6.5	-1.5	38	2.1	7.5 
58321	2012	12	10	3.1	6.4	0.1	40	1.5	3.6 
58321	2012	12	11	3.5	7.9	-1.2	62	1.4	7.3 
58321	2012	12	12	4.3	10.4	-1.2	74	1.9	7.2 
58321	2012	12	13	7.9	10.8	3.3	83	1.4	3.6 
58321	2012	12	14	4.6	10.2	3.7	96	2.1	3.5 
58321	2012	12	15	4.2	5.6	3.1	93	2.3	3.5 
58321	2012	12	16	6.5	7.5	5.1	100	1.3	3.5 
58321	2012	12	17	6.1	7.8	4.1	94	3	3.5 
58321	2012	12	18	2.8	5.3	0.3	62	2.6	6.5 
58321	2012	12	19	0.1	5.2	-3.7	67	1.8	7.4 
58321	2012	12	20	3.4	4.7	1.2	86	1.9	3.5 
58321	2012	12	21	1.6	4.3	0.9	93	4	3.5 
58321	2012	12	22	0.9	2.3	0.5	94	2.7	3.5 
58321	2012	12	23	-0.7	1.6	-2.8	65	2.3	6.9 
58321	2012	12	24	-0.2	5.7	-4.5	68	1.7	7.2 
58321	2012	12	25	1.9	5.6	-2.1	75	2.3	3.5 
58321	2012	12	26	0.7	3	-0.5	95	2.8	3.5 
58321	2012	12	27	1.3	2	0.6	100	1.3	3.5 
58321	2012	12	28	2.1	3.8	0.8	95	1.7	3.5 
58321	2012	12	29	1.3	3.3	0.2	88	3.3	3.6 
58321	2012	12	30	-1.7	2.4	-4.5	57	2.6	7.2 
58321	2012	12	31	-0.5	7.2	-6.3	75	1.4	7.9 
58321	2013	1	1	1.1	9.2	-4.1	80	1.3	7.8 
58321	2013	1	2	1.2	3.9	-0.8	65	4	5.6 
58321	2013	1	3	-2.4	-0.7	-3.2	47	3	4.7 
58321	2013	1	4	-2.7	-0.4	-4.9	69	2	3.7 
58321	2013	1	5	-1.1	3.4	-4.5	79	0.9	6.0 
58321	2013	1	6	0.8	3.6	-1.5	60	1.2	3.7 
58321	2013	1	7	1.6	4.9	0.2	74	0.8	3.7 
58321	2013	1	8	1.5	7.3	-3.6	71	1.4	6.9 
58321	2013	1	9	1.7	6.4	-2.7	67	1.2	4.0 
58321	2013	1	10	1.3	7.8	-3.4	82	1.6	7.9 
58321	2013	1	11	2.1	8.1	-1.9	82	0.9	6.0 
58321	2013	1	12	3	10.5	-3.5	80	1.1	7.3 
58321	2013	1	13	4.8	10.7	0.4	86	1.4	6.9 
58321	2013	1	14	2.7	8.2	-2.2	98	1.4	5.1 
58321	2013	1	15	3.8	5.1	1.7	90	1.4	4.0 
58321	2013	1	16	3.5	5	2.8	76	1.7	4.1 
58321	2013	1	17	0.8	2.8	-1.2	76	1.9	4.1 
58321	2013	1	18	-0.4	6.5	-6.3	70	1.4	9.5 
58321	2013	1	19	4.5	10.9	-2.1	67	2.6	8.4 
58321	2013	1	20	6.2	8.1	4.6	78	1.6	4.3 
58321	2013	1	21	2	4.6	1.4	94	3.9	4.3 
58321	2013	1	22	2.3	3.3	1.6	91	1.6	4.4 
58321	2013	1	23	4.3	10	1.3	81	1.6	8.6 
58321	2013	1	24	3.3	6	1	89	1.8	4.5 
58321	2013	1	25	1.5	9.7	-4.8	88	1.6	8.0 
58321	2013	1	26	4.6	12.9	-1.9	79	1.5	9.6 
58321	2013	1	27	2.3	6.9	-0.8	94	0.5	4.6 
58321	2013	1	28	2.6	11.4	-3.7	90	1.2	6.7 
58321	2013	1	29	9.8	17.2	5.3	68	1.7	8.2 
58321	2013	1	30	8.6	14.5	4.1	81	1.3	4.8 
58321	2013	1	31	11	14.3	8.8	93	1.3	4.9 
58321	2013	2	1	6.9	12.1	5.3	97	2.1	4.9 
58321	2013	2	2	7.1	8	6.4	80	2.5	5.0 
58321	2013	2	3	8.6	12.8	5.8	85	3.3	6.8 
58321	2013	2	4	6.3	9.7	5.7	92	3	5.1 
58321	2013	2	5	4.4	5.8	4	97	2.6	5.2 
58321	2013	2	6	4	5	2.9	87	1.9	5.2 
58321	2013	2	7	1	4.6	-1.9	86	4.5	5.3 
58321	2013	2	8	-2.5	-1.1	-3.5	63	2.3	5.4 
58321	2013	2	9	-0.7	3.5	-4.2	77	1.9	12.4 
58321	2013	2	10	2.8	8.8	-1.2	78	2	12.3 
58321	2013	2	11	2.9	5.4	-0.1	84	2.8	5.6 
58321	2013	2	12	3.7	6.5	2.4	89	1.5	5.6 
58321	2013	2	13	3.7	8.9	-2	84	1.5	10.6 
58321	2013	2	14	5.6	7.3	2.8	82	1.2	5.8 
58321	2013	2	15	5.6	10.1	2.4	83	1.2	7.6 
58321	2013	2	16	6.9	12.9	1.1	76	3	13.5 
58321	2013	2	17	8.8	10.5	7.4	85	1.7	6.0 
58321	2013	2	18	4.1	9.2	0.3	95	4.4	6.0 
58321	2013	2	19	0.7	4	-1	88	2.3	9.3 
58321	2013	2	20	2.6	7.9	-2.3	79	1.1	14.3 
58321	2013	2	21	6	9.3	0.1	81	1.7	10.1 
58321	2013	2	22	8.1	14.6	2.6	78	0.9	14.7 
58321	2013	2	23	8.3	16.1	1.8	76	1.4	15.7 
58321	2013	2	24	9.9	15.4	3.9	68	2.1	11.4 
58321	2013	2	25	12.5	17.9	6.1	80	1.4	9.5 
58321	2013	2	26	12.1	15.9	11.4	96	1.6	6.6 
58321	2013	2	27	11.1	14.3	7.6	85	1.3	9.9 
58321	2013	2	28	13.7	19.4	8.3	87	2.4	10.1 
58321	2013	3	1	7.6	16.4	4.8	60	5.1	6.8 
58321	2013	3	2	4.6	7.9	2.1	49	2.2	15.9 
58321	2013	3	3	6.8	16	-0.5	64	1.8	17.6 
58321	2013	3	4	11	21.1	2.7	66	1.2	17.5 
58321	2013	3	5	14.4	22.8	8.7	59	2.4	16.1 
58321	2013	3	6	16.7	24.7	10.6	50	2.6	18.2 
58321	2013	3	7	19.6	25.6	13.1	43	2.7	18.5 
58321	2013	3	8	19.1	28.7	9.9	59	2	18.0 
58321	2013	3	9	22.2	28.3	15.1	60	3.7	17.4 
58321	2013	3	10	10.8	23.4	8.2	46	5.2	14.7 
58321	2013	3	11	8.3	12	6.1	73	3.2	8.3 
58321	2013	3	12	12.1	18.2	8.2	84	3.4	13.3 
58321	2013	3	13	8.4	11.4	6.3	82	2.8	7.5 
58321	2013	3	14	6.6	12	1.3	58	2.2	19.2 
58321	2013	3	15	10.3	17.9	2.7	67	1.9	18.6 
58321	2013	3	16	11.1	13.8	9.3	89	1.8	7.7 
58321	2013	3	17	11.2	11.9	10.2	100	2	7.7 
58321	2013	3	18	13.6	21.2	6.9	89	2.2	18.4 
58321	2013	3	19	14.4	17.1	11.3	88	2.2	8.2 
58321	2013	3	20	9.9	15	7.3	87	2.7	8.3 
58321	2013	3	21	9.4	16.2	3.3	81	2.9	20.3 
58321	2013	3	22	15.4	20.4	10.7	87	2.5	16.6 
58321	2013	3	23	10.8	13.6	8.7	87	2.2	8.0 
58321	2013	3	24	10.8	12.4	8.6	75	3.3	11.2 
58321	2013	3	25	8.3	13.4	3.5	61	2.8	20.4 
58321	2013	3	26	8	10.6	6.6	66	2.5	8.2 
58321	2013	3	27	11.3	18.1	4.2	79	2.5	21.2 
58321	2013	3	28	16.2	23.2	10.2	68	1.9	19.6 
58321	2013	3	29	12	18.8	9.8	83	2.8	12.5 
58321	2013	3	30	14	21.7	9.3	76	2.2	19.4 
58321	2013	3	31	13.8	20.1	8.2	71	2.5	21.8 
58321	2013	4	1	16.6	24.2	10.9	73	2	20.0 
58321	2013	4	2	15.4	21.1	11.2	52	2.8	22.6 
58321	2013	4	3	15.8	22.7	7.8	52	2.1	18.8 
58321	2013	4	4	17.5	22.9	12.1	73	2.5	15.8 
58321	2013	4	5	15.7	19.4	13.7	78	3.9	8.6 
58321	2013	4	6	12	15.5	9.5	57	3.9	23.0 
58321	2013	4	7	11.5	18.8	2.8	53	1.8	24.9 
58321	2013	4	8	17.6	24.5	11.6	51	2.4	23.5 
58321	2013	4	9	15.1	20.2	11.7	29	3.6	19.7 
58321	2013	4	10	13.2	20.8	4.3	40	3.3	25.2 
58321	2013	4	11	14.9	23.8	6.6	42	2.3	25.3 
58321	2013	4	12	18.1	26.1	9	54	2.1	25.1 
58321	2013	4	13	20.3	28.6	11	49	3.5	24.7 
58321	2013	4	14	21.5	29.1	14.1	58	1.5	25.7 
58321	2013	4	15	24.6	32.4	17	53	4.4	26.5 
58321	2013	4	16	23.3	28.1	19.2	61	2.1	15.0 
58321	2013	4	17	20.3	26.4	13.8	71	2.7	24.3 
58321	2013	4	18	18.3	23.6	14.7	70	4.8	9.0 
58321	2013	4	19	13	17.7	9.1	52	4.4	16.6 
58321	2013	4	20	8.5	12.7	6.3	77	3.3	9.0 
58321	2013	4	21	10.6	14.2	7.5	68	2.3	16.6 
58321	2013	4	22	10.9	14.5	8.6	86	2.4	9.1 
58321	2013	4	23	13	16	10.9	88	1.7	9.1 
58321	2013	4	24	16.2	24.1	10.2	86	1.1	20.7 
58321	2013	4	25	19.8	27.7	12.9	72	1.8	23.5 
58321	2013	4	26	21	28.1	11.6	56	2.2	27.4 
58321	2013	4	27	22.5	30.1	15.4	62	2.5	28.9 
58321	2013	4	28	24.1	30.5	17.4	72	2.4	27.4 
58321	2013	4	29	21.4	25.6	17.9	74	3.4	10.7 
58321	2013	4	30	17.4	25.4	11.2	64	1.7	23.9 
58321	2013	5	1	19.5	26.5	12.5	70	1.4	27.5 
58321	2013	5	2	21.4	27.6	15.5	55	2.4	27.6 
58321	2013	5	3	21.8	28.4	15.6	60	1.5	23.4 
58321	2013	5	4	21.7	26.4	16.5	69	2.7	23.5 
58321	2013	5	5	22.8	28.4	17.4	66	2	24.0 
58321	2013	5	6	21.7	24.9	19.2	75	2	9.8 
58321	2013	5	7	20.4	22.3	19.6	94	2.4	9.3 
58321	2013	5	8	20.2	22.3	18.4	100	1.9	9.3 
58321	2013	5	9	18.5	21.5	17.6	99	2.6	9.3 
58321	2013	5	10	19.8	22.8	16.7	94	1.5	9.3 
58321	2013	5	11	21	28.7	16.1	79	2.5	28.1 
58321	2013	5	12	22.9	30.5	14.4	70	1.9	31.2 
58321	2013	5	13	26.3	32.9	17.7	58	2.8	31.1 
58321	2013	5	14	26.2	33.8	18	60	1.6	30.8 
58321	2013	5	15	24.8	27.8	22.5	68	4.3	9.3 
58321	2013	5	16	17.3	23	15.3	91	3.7	9.3 
58321	2013	5	17	18.8	20.2	16.2	100	1.4	9.3 
58321	2013	5	18	20	22.6	18.7	96	1.7	9.3 
58321	2013	5	19	22.9	28.6	16.8	77	2	26.6 
58321	2013	5	20	24	29.3	18.7	79	1.4	27.0 
58321	2013	5	21	25.9	31.7	18.5	73	2.2	27.2 
58321	2013	5	22	28.1	34.4	22.3	67	1.9	28.7 
58321	2013	5	23	26.5	31.9	21.5	74	2.1	27.1 
58321	2013	5	24	27.7	33.8	22.1	68	1.6	24.0 
58321	2013	5	25	28.2	30.8	24.6	76	2	9.3 
58321	2013	5	26	24.1	28.6	22.4	100	3.2	9.3 
58321	2013	5	27	20.9	25.5	19.4	89	4.1	9.3 
58321	2013	5	28	25.1	31.2	19.8	73	2	30.2 
58321	2013	5	29	21.8	26.8	19.6	91	2.2	9.3 
58321	2013	5	30	16.1	19.9	14	95	1.8	9.3 
58321	2013	5	31	20.6	25.3	17.3	90	1.1	9.3 
58321	2013	6	1	21.6	23	20.6	94	0.9	9.3 
58321	2013	6	2	22.3	26.2	20.1	85	1.9	20.5 
58321	2013	6	3	23.6	29.6	18.3	78	1.8	31.5 
58321	2013	6	4	25.1	31.3	19.6	64	2.1	29.3 
58321	2013	6	5	25.7	31.6	19.2	75	1.5	29.6 
58321	2013	6	6	26	29.6	23.7	86	2.3	14.9 
58321	2013	6	7	21.6	25.4	20.6	99	4	9.3 
58321	2013	6	8	20.7	22.9	19.7	96	2.2	9.3 
58321	2013	6	9	21.8	23.4	19.2	84	1.5	12.3 
58321	2013	6	10	22.8	26.8	20.6	83	2.2	10.6 
58321	2013	6	11	19	22.5	18.3	94	2.1	9.3 
58321	2013	6	12	21.5	27.7	14.4	79	1.4	31.8 
58321	2013	6	13	23.5	28.5	17.9	72	1.9	28.1 
58321	2013	6	14	24.7	30.4	19.1	78	2	28.8 
58321	2013	6	15	26.9	32	21.8	83	2.3	31.3 
58321	2013	6	16	29.8	34.7	24.9	81	2.2	30.9 
58321	2013	6	17	29.7	34.6	26.9	83	2.5	24.9 
58321	2013	6	18	32.3	36.6	27.6	77	2.3	27.7 
58321	2013	6	19	29.1	35.6	26.8	89	1.7	12.9 
58321	2013	6	20	26.2	28.5	25.4	88	2.2	9.3 
58321	2013	6	21	28.1	31.9	23.4	66	2.3	29.0 
58321	2013	6	22	28.9	32.6	24.6	72	1.9	18.3 
58321	2013	6	23	27.2	29.9	24.1	92	0.9	9.3 
58321	2013	6	24	26.2	30.7	24	94	1.8	9.3 
58321	2013	6	25	24.1	26.4	21.6	100	2.2	9.3 
58321	2013	6	26	23.3	26.1	21	92	1.5	11.0 
58321	2013	6	27	25.3	28.5	23.3	90	2.3	22.1 
58321	2013	6	28	25.7	29.5	22.5	84	2.4	21.9 
58321	2013	6	29	27.4	31.7	22.9	84	2.3	29.0 
58321	2013	6	30	28.1	31.4	25.8	87	3.3	21.3 
58321	2013	7	1	30.1	34.2	26.8	81	4.7	21.3 
58321	2013	7	2	31.2	34.9	28.2	69	5.7	31.6 
58321	2013	7	3	32	35.6	28.8	69	4.6	29.9 
58321	2013	7	4	31.3	33.8	29.6	72	6.2	18.8 
58321	2013	7	5	26.4	31.5	22.1	89	1.2	9.3 
58321	2013	7	6	25.4	28.5	23.6	100	1.5	9.3 
58321	2013	7	7	25.7	27.8	25	100	1.1	9.3 
58321	2013	7	8	29.4	33.4	24.8	86	3	27.9 
58321	2013	7	9	30.8	34	27.6	77	4	31.6 
58321	2013	7	10	31.3	35.6	27.7	74	3.1	29.9 
58321	2013	7	11	31.6	36	27.4	74	1.9	31.0 
58321	2013	7	12	32.5	36.8	27.8	75	1.6	31.9 
58321	2013	7	13	31.7	35.4	27	73	3	31.5 
58321	2013	7	14	28.8	31.9	27.7	76	3.7	11.9 
58321	2013	7	15	26.7	29.3	25.1	88	4.2	9.3 
58321	2013	7	16	28.5	31.6	25.4	83	3.2	14.6 
58321	2013	7	17	29.7	33.4	26.9	80	2.6	23.8 
58321	2013	7	18	30.3	33.8	27.2	80	3	31.3 
58321	2013	7	19	31.2	35.3	28.1	72	2.8	27.6 
58321	2013	7	20	27.9	34.6	24.3	90	2.2	9.3 
58321	2013	7	21	28	32	25.6	93	2.2	11.9 
58321	2013	7	22	28.7	33	26	90	2.1	19.5 
58321	2013	7	23	31.2	35.3	27.5	76	4.8	31.1 
58321	2013	7	24	32.3	36.1	27.2	72	3.3	29.8 
58321	2013	7	25	31.9	36.6	27.7	74	2.5	30.6 
58321	2013	7	26	32.2	36	27.8	69	2.7	28.4 
58321	2013	7	27	31.2	35.2	27.3	73	3.7	28.5 
58321	2013	7	28	31.4	36.1	27.4	73	2.5	28.5 
58321	2013	7	29	32.6	36.4	27.4	69	2.7	30.4 
58321	2013	7	30	31.6	36.7	25.4	78	2.3	26.4 
58321	2013	7	31	31.8	36.6	27.8	76	1.8	21.4 
58321	2013	8	1	30.9	35.4	27.2	81	2.2	17.4 
58321	2013	8	2	32	37.3	26.9	74	1.3	29.6 
58321	2013	8	3	31.1	34.9	29.3	74	3.6	23.7 
58321	2013	8	4	30.6	34.1	28.1	76	2.5	10.5 
58321	2013	8	5	31.8	35.3	28.8	74	2.9	14.5 
58321	2013	8	6	33.2	37.3	29.5	65	3.6	30.2 
58321	2013	8	7	33	37	28	64	3	29.8 
58321	2013	8	8	33.2	37.9	27.4	66	2.6	29.2 
58321	2013	8	9	33.9	38.2	29.2	63	3	28.6 
58321	2013	8	10	34.4	39.6	29	61	1.3	27.8 
58321	2013	8	11	33.8	39.7	28.3	63	2.2	28.4 
58321	2013	8	12	33.7	39.3	28.6	63	1.6	28.6 
58321	2013	8	13	33.8	39.1	28.6	64	1.6	27.4 
58321	2013	8	14	33.7	38.8	28	64	1.6	25.7 
58321	2013	8	15	33.8	39	29	66	1.9	25.3 
58321	2013	8	16	32.9	38	28	68	1.6	26.6 
58321	2013	8	17	32.7	38.5	29.1	70	1.8	26.8 
58321	2013	8	18	32.3	38.3	28.7	71	1.2	18.6 
58321	2013	8	19	30.7	35.4	27.9	77	3.2	18.7 
58321	2013	8	20	29.3	33.8	25.9	82	3.9	22.1 
58321	2013	8	21	30.1	34.4	26.6	79	3.8	25.1 
58321	2013	8	22	28.7	32.8	26.2	84	4.7	9.5 
58321	2013	8	23	30.1	34.4	27.1	84	3.4	9.0 
58321	2013	8	24	28.6	34.7	26.2	92	1.5	15.9 
58321	2013	8	25	27.3	31.6	25.7	95	1.3	10.5 
58321	2013	8	26	26.7	29.6	25	95	1.1	8.9 
58321	2013	8	27	28	32.4	25.3	90	1.7	13.5 
58321	2013	8	28	30.3	35.5	25.9	84	1.9	22.8 
58321	2013	8	29	29.9	33.5	27.4	75	2.7	20.0 
58321	2013	8	30	28.9	32.7	25.4	69	3	23.5 
58321	2013	8	31	25.1	29.9	22.4	62	2.6	19.2 
58321	2013	9	1	24.8	29.4	19.3	58	2.4	24.5 
58321	2013	9	2	25.9	29.9	21	53	2.1	22.5 
58321	2013	9	3	26.4	31	21.9	59	2.3	25.0 
58321	2013	9	4	23.5	27.3	20.8	72	1.4	9.4 
58321	2013	9	5	18.7	23.2	17.6	98	2.1	8.6 
58321	2013	9	6	19.4	22.3	17.4	94	1.1	8.6 
58321	2013	9	7	21.4	24.9	18.7	32766	1.1	9.6 
58321	2013	9	8	23.8	27.9	20.6	32766	1.2	9.9 
58321	2013	9	9	26.4	31.7	22.2	80	1.4	18.7 
58321	2013	9	10	24.6	27.5	23.7	91	1.3	8.4 
58321	2013	9	11	23.4	25.9	21.9	96	1.4	8.4 
58321	2013	9	12	24.6	28.2	21.4	94	1.5	8.4 
58321	2013	9	13	25.3	28.3	23.1	89	0.9	8.3 
58321	2013	9	14	26.6	32	22.4	87	1.1	19.3 
58321	2013	9	15	26.9	31.8	22.4	79	1.6	19.9 
58321	2013	9	16	26.7	32.5	22.4	75	2.2	21.8 
58321	2013	9	17	27.1	33.5	20.9	49	2.1	23.0 
58321	2013	9	18	25.8	30.9	20.9	67	3.5	22.6 
58321	2013	9	19	25.9	32.3	20.7	73	1.6	20.9 
58321	2013	9	20	26.5	31.7	21.9	72	1.5	18.9 
58321	2013	9	21	27.2	32	22.6	71	3.3	19.9 
58321	2013	9	22	26.9	30.1	24.7	82	3.8	11.0 
58321	2013	9	23	26.7	29.8	25.3	91	2.2	7.9 
58321	2013	9	24	20.2	26.5	16	98	2.8	7.8 
58321	2013	9	25	17.1	18.9	16	75	2.5	7.8 
58321	2013	9	26	19.5	25	14.6	62	1.2	17.3 
58321	2013	9	27	19.7	22.4	17	75	1.2	7.7 
58321	2013	9	28	17.4	22.3	14.7	89	1.6	11.0 
58321	2013	9	29	18.9	25	14.6	89	1.2	15.3 
58321	2013	9	30	20.4	26.4	15.4	82	1.8	18.9 
58321	2013	10	1	21.4	27.1	15.6	79	1.1	18.8 
58321	2013	10	2	20.8	25.8	16.9	63	2.6	17.5 
58321	2013	10	3	18.6	24.4	12.7	61	1.3	18.8 
58321	2013	10	4	19.2	25.6	12.2	69	1.6	19.6 
58321	2013	10	5	20.9	26.6	15	64	2.8	18.0 
58321	2013	10	6	21.7	26.5	17.9	77	2.8	14.3 
58321	2013	10	7	22.2	23.7	20.6	91	4.1	7.1 
58321	2013	10	8	21	23.1	19	94	2.1	7.8 
58321	2013	10	9	20	25.8	14.9	90	1	15.1 
58321	2013	10	10	21.7	29.3	16.6	88	1.3	17.1 
58321	2013	10	11	23.3	30.8	17.1	78	1	16.0 
58321	2013	10	12	22.6	29.5	17	65	2.4	17.3 
58321	2013	10	13	22.2	29.1	16.2	61	2.1	17.7 
58321	2013	10	14	21.2	27.5	14.5	77	1.7	16.8 
58321	2013	10	15	14.7	23.2	11	74	3.3	8.9 
58321	2013	10	16	13.5	18	7.7	50	2.5	11.3 
58321	2013	10	17	14.8	17.8	11.7	67	1.3	6.5 
58321	2013	10	18	16.9	21.9	12.7	75	1.2	8.8 
58321	2013	10	19	18.1	21.8	15.3	82	0.7	6.5 
58321	2013	10	20	18.7	23.9	14.3	70	1.5	11.8 
58321	2013	10	21	17.1	21.5	13.2	61	1.2	12.7 
58321	2013	10	22	15.2	21.8	9.1	71	0.8	14.5 
58321	2013	10	23	15.7	23.8	9.3	80	0.6	14.6 
58321	2013	10	24	16.7	21.5	13.1	67	2.5	8.8 
58321	2013	10	25	13.2	17.8	9.1	55	2.6	13.4 
58321	2013	10	26	11.2	19.2	5.5	71	0.7	12.7 
58321	2013	10	27	14.2	20.7	6.9	65	2	13.1 
58321	2013	10	28	17.3	24.3	11.4	66	1.4	12.1 
58321	2013	10	29	18.4	25.6	11.8	67	0.7	11.0 
58321	2013	10	30	16.9	20.7	16	86	3.1	5.6 
58321	2013	10	31	16.4	17.7	15.3	96	2.6	5.6 
58321	2013	11	1	16.7	18.6	14.9	93	1.7	5.5 
58321	2013	11	2	15.2	17.7	14.2	97	2.2	5.4 
58321	2013	11	3	16.2	20.3	14.2	85	2.4	7.5 
58321	2013	11	4	13.7	19.4	8.3	69	1.6	11.4 
58321	2013	11	5	13.2	20.3	7.6	78	1.1	12.4 
58321	2013	11	6	14.6	22.3	9.9	76	1	10.7 
58321	2013	11	7	15	23	8.9	74	1	11.8 
58321	2013	11	8	16	22.1	10.1	77	1.1	6.9 
58321	2013	11	9	18.5	23.8	15.3	88	0.8	5.0 
58321	2013	11	10	13.5	17.9	12.4	86	2.9	4.9 
58321	2013	11	11	12.7	14.4	11.8	64	2.6	6.5 
58321	2013	11	12	11	12.2	9.5	68	1.6	4.8 
58321	2013	11	13	12.3	15.3	10	74	1.3	4.8 
58321	2013	11	14	12.3	17.1	9	77	1.5	7.5 
58321	2013	11	15	10.6	17.7	4.4	71	1.7	10.0 
58321	2013	11	16	12.3	21.5	4.8	61	2.7	10.0 
58321	2013	11	17	9.7	16.5	3.4	49	1.5	10.6 
58321	2013	11	18	7.2	15.1	1.5	61	0.7	9.9 
58321	2013	11	19	7.7	16.3	1.1	68	1.3	9.9 
58321	2013	11	20	10.3	19.5	2.4	69	0.9	9.5 
58321	2013	11	21	12.2	18.1	6.7	62	1	8.4 
58321	2013	11	22	11.4	17.5	5.8	82	1	8.3 
58321	2013	11	23	13.2	17.1	9	87	1.3	4.2 
58321	2013	11	24	9.9	14.2	7.8	89	3.1	4.2 
58321	2013	11	25	7.1	14.3	2.3	77	1.3	9.1 
58321	2013	11	26	6.9	12.9	1.9	90	1	7.3 
58321	2013	11	27	6.9	9.9	5.5	55	2.8	7.4 
58321	2013	11	28	3.6	9.1	-2.3	47	2.8	9.1 
58321	2013	11	29	3.7	12.1	-4	55	1.6	9.1 
58321	2013	11	30	7.1	16.2	-2.1	54	1.5	8.7 
58321	2013	12	1	6.6	14.1	0.8	52	1.8	8.5 
58321	2013	12	2	8.2	17.4	1.2	65	1.6	8.4 
58321	2013	12	3	10.6	16.8	4.5	70	1.9	6.8 
58321	2013	12	4	9.1	16.1	5.3	75	1.1	3.8 
58321	2013	12	5	9.6	17.3	3.9	71	2.6	5.4 
58321	2013	12	6	6.2	10.8	3.2	84	1.1	3.7 
58321	2013	12	7	5.3	9.3	2.7	97	1.3	4.7 
58321	2013	12	8	7.4	14.1	4.3	91	1.3	5.6 
58321	2013	12	9	6	9.4	4.2	73	2.8	6.6 
58321	2013	12	10	1.9	9.6	-3.5	69	0.6	7.8 
58321	2013	12	11	3.8	10.1	-0.5	55	1.6	6.7 
58321	2013	12	12	4.1	13	-2	67	1	6.2 
58321	2013	12	13	4.2	11.9	-1.7	69	0.9	6.4 
58321	2013	12	14	5.7	13.2	-1.1	65	0.7	5.4 
58321	2013	12	15	7.9	10.2	6.2	63	2.5	3.5 
58321	2013	12	16	5.3	8.2	4	84	2	3.5 
58321	2013	12	17	4.8	6.2	3.3	87	2.1	3.5 
58321	2013	12	18	3.5	6.4	1.7	82	2.6	3.5 
58321	2013	12	19	0.5	4.1	-2.5	88	1	3.5 
58321	2013	12	20	-0.2	5.5	-4.1	79	1	3.5 
58321	2013	12	21	-1.3	5.5	-6.2	66	1.2	7.1 
58321	2013	12	22	-1.3	5.7	-6.6	69	0.8	7.4 
58321	2013	12	23	-0.1	6.7	-4.9	74	1	6.8 
58321	2013	12	24	0.3	6.8	-5	70	1.1	4.3 
58321	2013	12	25	1.5	7.4	-3.3	69	0.7	3.5 
58321	2013	12	26	1.8	4.7	-0.6	58	2.9	3.5 
58321	2013	12	27	-2.9	3.3	-7.3	49	1.5	7.1 
58321	2013	12	28	-1.6	6.2	-7.8	56	1.8	6.8 
58321	2013	12	29	-1.5	7.8	-7.5	61	1.2	7.5 
58321	2013	12	30	1	12.5	-5.9	57	1.4	7.6 
58321	2013	12	31	4.2	16.4	-5	50	1.6	7.7 
58321	2014	1	1	5.6	16.3	-2.4	56	1.4	7.4 
58321	2014	1	2	7.5	17.3	-0.6	58	1.2	7.2 
58321	2014	1	3	9.3	14.1	4.5	41	2.9	5.5 
58321	2014	1	4	4.6	10.5	0.8	59	1.6	4.5 
58321	2014	1	5	5.4	13.8	-1.1	71	1.6	7.7 
58321	2014	1	6	7.3	14.7	-0.9	56	2.1	6.0 
58321	2014	1	7	7.1	10.7	6.4	93	1.1	3.7 
58321	2014	1	8	4.4	6.6	3	96	3.1	3.8 
58321	2014	1	9	1.4	5.7	-1.9	87	1	5.0 
58321	2014	1	10	2	7.7	-3.6	76	1.3	6.7 
58321	2014	1	11	4.1	5.4	3.3	83	1.2	3.9 
58321	2014	1	12	5.6	9.5	1	78	1.1	7.5 
58321	2014	1	13	3.2	6.7	0.7	85	1.5	4.0 
58321	2014	1	14	1.2	7.4	-3.9	84	1.3	7.0 
58321	2014	1	15	1.2	8.6	-4.4	73	1.4	7.8 
58321	2014	1	16	4.2	10.9	-0.9	66	1.1	7.6 
58321	2014	1	17	5.7	10.7	0.9	70	2	8.1 
58321	2014	1	18	0.4	6.6	-2	84	1.7	4.2 
58321	2014	1	19	1.3	9.4	-3.3	86	1.1	7.3 
58321	2014	1	20	5	9	1.2	37	2.4	8.4 
58321	2014	1	21	0.8	8	-5.3	44	1.5	9.3 
58321	2014	1	22	2	10.1	-5	50	1.6	10.0 
58321	2014	1	23	6.2	14.6	0	49	2.8	10.0 
58321	2014	1	24	11.1	20.5	5.6	40	3.4	7.5 
58321	2014	1	25	7.8	14	3.8	51	2.8	5.7 
58321	2014	1	26	6.4	10.6	3.4	60	3.7	9.1 
58321	2014	1	27	5.9	12.6	0.6	71	1.5	6.9 
58321	2014	1	28	8	13.5	3.4	74	2.3	6.0 
58321	2014	1	29	6.9	9.5	5.2	98	1.1	4.8 
58321	2014	1	30	8.5	16.6	2.2	92	1.3	8.8 
58321	2014	1	31	12.3	19.1	6.6	85	2.5	9.2 
58321	2014	2	1	10.7	12.9	9.1	96	1.7	4.9 
58321	2014	2	2	9.7	12	8.2	98	1.6	5.0 
58321	2014	2	3	7.1	11.4	3.2	94	3.6	5.1 
58321	2014	2	4	2.5	4.9	-0.7	61	4.5	6.9 
58321	2014	2	5	0.7	3.8	-1	97	3.5	5.2 
58321	2014	2	6	1.7	3.1	0.8	100	3.2	5.2 
58321	2014	2	7	-0.1	0.8	-0.5	99	3	5.3 
58321	2014	2	8	-0.8	0.5	-1.5	87	2.4	5.4 
58321	2014	2	9	-1.5	-0.4	-2.2	83	3	5.4 
58321	2014	2	10	-3.1	-0.3	-5	61	3.4	10.4 
58321	2014	2	11	-2.7	1.5	-6.4	63	1.9	10.4 
58321	2014	2	12	-0.5	2.9	-5.2	62	2.3	8.6 
58321	2014	2	13	0.6	4.4	-1.7	90	2.3	5.7 
58321	2014	2	14	0.6	4.6	-2.4	94	1.2	5.8 
58321	2014	2	15	2.4	9.2	-3.5	78	1.3	12.6 
58321	2014	2	16	3.9	5.6	2.9	94	0.9	5.9 
58321	2014	2	17	2.8	4.3	1.6	100	2.7	6.0 
58321	2014	2	18	-0.7	3.2	-1.2	99	2.7	6.0 
58321	2014	2	19	1	5.7	-1.7	91	0.8	9.2 
58321	2014	2	20	3.4	9.8	-2	81	1.1	13.6 
58321	2014	2	21	5.3	11.8	-1.9	70	2.2	14.3 
58321	2014	2	22	8.7	15.1	3.1	68	1.7	12.1 
58321	2014	2	23	9.7	15.7	4.5	72	2.2	11.9 
58321	2014	2	24	8.9	11.5	7.2	78	2.3	6.4 
58321	2014	2	25	8.7	10	7.3	100	1.6	6.5 
58321	2014	2	26	10.1	12.1	8.8	97	1.3	6.6 
58321	2014	2	27	10.3	13.4	8.2	98	0.7	6.6 
58321	2014	2	28	6.1	10.5	5.3	100	3.7	6.7 
58321	2014	3	1	4.6	5.8	3.5	90	3	6.8 
58321	2014	3	2	6.3	9.2	3.9	70	2.2	7.7 
58321	2014	3	3	8.3	14.2	2.3	61	2.5	12.3 
58321	2014	3	4	10.2	15.5	6.4	71	1.5	12.0 
58321	2014	3	5	8.1	12.7	4.3	68	3	13.8 
58321	2014	3	6	6.2	9.2	4.7	67	2.7	7.1 
58321	2014	3	7	6	10.6	1.3	69	2.4	7.9 
58321	2014	3	8	6.6	8.1	5.7	75	1.5	7.2 
58321	2014	3	9	7	14.2	0.3	79	0.6	17.6 
58321	2014	3	10	9.3	16.6	1.5	62	1.7	18.0 
58321	2014	3	11	11.5	19	3.6	66	3.4	17.4 
58321	2014	3	12	10.9	14.5	7.3	95	3	7.4 
58321	2014	3	13	7.7	12	5.3	57	2.4	16.0 
58321	2014	3	14	9.9	19.3	0.6	64	2	19.2 
58321	2014	3	15	12.8	21.7	4	61	2.4	19.3 
58321	2014	3	16	14.7	21.9	6.8	65	2.3	18.9 
58321	2014	3	17	18.3	25.2	11.5	72	2.5	19.7 
58321	2014	3	18	18.6	26.1	11.2	73	2	16.3 
58321	2014	3	19	10.1	19.3	8.3	82	3.5	7.8 
58321	2014	3	20	10.8	14.2	7.6	57	2.8	13.1 
58321	2014	3	21	9.5	16.3	2.8	58	1.8	21.1 
58321	2014	3	22	12.8	20	3.1	55	1.8	21.6 
58321	2014	3	23	15.7	22.7	7.6	51	1.3	13.9 
58321	2014	3	24	16.3	19.4	14.3	73	1.1	8.1 
58321	2014	3	25	16.8	20.2	14.9	96	1.4	8.1 
58321	2014	3	26	16.8	23	11	85	1.7	8.2 
58321	2014	3	27	19.5	27.6	11	65	2.4	22.2 
58321	2014	3	28	21.4	27.4	17.2	78	2.9	17.3 
58321	2014	3	29	17.8	23.1	15.6	99	1.5	8.3 
58321	2014	3	30	17	21.6	13	77	2.3	16.3 
58321	2014	3	31	15	18.6	12.5	48	3.3	8.4 
58321	2014	4	1	15.1	21.2	8.4	67	1.7	22.3 
58321	2014	4	2	17	22.8	9.1	63	1.6	24.2 
58321	2014	4	3	17.9	23.3	14	70	1.9	19.8 
58321	2014	4	4	15.5	22.3	7.9	55	1.7	23.3 
58321	2014	4	5	15.3	21.2	10.7	58	2.7	20.0 
58321	2014	4	6	13.9	19.1	8.8	39	2.7	15.7 
58321	2014	4	7	15.7	19.8	13	68	2.1	12.1 
58321	2014	4	8	18.1	23.4	15.2	82	0.8	16.1 
58321	2014	4	9	20	26.5	12.7	74	1.6	24.0 
58321	2014	4	10	22.3	29.5	14.8	59	1.6	21.8 
58321	2014	4	11	16.4	24	14.3	95	1.6	8.8 
58321	2014	4	12	14	15.5	13.2	100	2.5	8.8 
58321	2014	4	13	14.9	18.8	13.2	91	1.3	9.6 
58321	2014	4	14	17	23.3	10.5	78	1.9	24.3 
58321	2014	4	15	16.1	20.5	13.6	79	2.5	8.9 
58321	2014	4	16	15.5	18.3	12.7	93	1.6	8.9 
58321	2014	4	17	16.9	19.8	14.6	94	0.8	9.0 
58321	2014	4	18	17	19.7	14.6	90	2.5	9.0 
58321	2014	4	19	12.7	15.3	12.2	100	2.7	9.0 
58321	2014	4	20	15.1	18.5	12.8	88	1.5	9.0 
58321	2014	4	21	13.6	15.8	12.8	100	2	9.1 
58321	2014	4	22	15	20	12.1	87	1.6	18.4 
58321	2014	4	23	16.9	21.9	10.8	76	1.9	22.6 
58321	2014	4	24	18.8	23.8	12.5	60	2.1	19.9 
58321	2014	4	25	18.6	21.9	17.5	91	1.7	10.1 
58321	2014	4	26	16.3	18	15.3	96	2.1	9.1 
58321	2014	4	27	14.8	17.4	13.1	95	3	9.2 
58321	2014	4	28	18.1	23.1	13.3	70	2.2	25.6 
58321	2014	4	29	18.5	24.6	11.3	68	1.2	23.3 
58321	2014	4	30	20.2	26.5	12.7	66	1.8	26.3 
58321	2014	5	1	22.2	29.4	13.7	60	1.7	28.1 
58321	2014	5	2	20.5	25.1	16.3	56	2.1	17.5 
58321	2014	5	3	20.5	24.9	14.1	55	2	25.8 
58321	2014	5	4	18.1	20.7	16.8	78	1.8	9.3 
58321	2014	5	5	17.3	21.9	11	46	2	25.1 
58321	2014	5	6	18.5	25.5	9.8	54	1.9	29.2 
58321	2014	5	7	22.8	29.9	15.2	57	2	28.4 
58321	2014	5	8	23.4	29.7	16.1	68	2.1	26.7 
58321	2014	5	9	22.8	27.4	19.7	52	4	10.4 
58321	2014	5	10	19.1	22.2	17.8	94	3.1	9.3 
58321	2014	5	11	17.7	21.1	14.5	89	3.2	9.3 
58321	2014	5	12	21.1	28.3	14.2	68	1.7	27.6 
58321	2014	5	13	22.6	27.4	14.9	73	2.1	22.3 
58321	2014	5	14	22	26.2	19	79	1.5	9.3 
58321	2014	5	15	21.5	26.2	16	45	2.1	26.7 
58321	2014	5	16	22.2	28.1	14.5	59	1.8	17.8 
58321	2014	5	17	20.2	23.6	18.1	71	1.6	9.3 
58321	2014	5	18	22.4	27.1	19.1	74	1.1	13.5 
58321	2014	5	19	20.2	23.7	16.6	85	1.8	9.3 
58321	2014	5	20	22.6	29.4	15.7	84	1.4	24.8 
58321	2014	5	21	25.1	30.4	20.4	76	1.7	21.5 
58321	2014	5	22	26.5	31.5	20	56	3	29.2 
58321	2014	5	23	25	29.8	19.6	65	3.4	26.7 
58321	2014	5	24	24.9	27.8	22.2	80	2.8	9.3 
58321	2014	5	25	26.1	30.4	23.3	80	2.3	18.3 
58321	2014	5	26	26.3	31.6	23.2	51	2.3	25.7 
58321	2014	5	27	26.9	34.4	18.7	54	2.7	26.1 
58321	2014	5	28	28.2	35.5	21.1	59	1.5	27.0 
58321	2014	5	29	28.5	35.6	23.5	64	2.3	23.9 
58321	2014	5	30	29.1	35.7	21.8	59	2.2	24.3 
58321	2014	5	31	24.9	30.5	23.5	84	2.1	9.3 
58321	2014	6	1	24	26.6	23.2	97	2.9	9.3 
58321	2014	6	2	21.8	23.7	20.1	79	3.5	10.8 
58321	2014	6	3	22.1	25.8	19.5	74	2.2	14.2 
58321	2014	6	4	24.2	29.6	17.6	69	1.3	22.7 
58321	2014	6	5	25.9	31.5	19.7	72	0.9	25.2 
58321	2014	6	6	27.4	31.9	22.4	65	1.5	20.1 
58321	2014	6	7	27.1	30.2	23.5	75	1.3	9.3 
58321	2014	6	8	28	32.4	23.6	64	1.6	13.6 
58321	2014	6	9	27	32.6	21.8	72	2.5	27.8 
58321	2014	6	10	27.6	33.2	22.2	62	2.1	28.0 
58321	2014	6	11	27.3	32.3	22.4	62	2.1	26.5 
58321	2014	6	12	26.8	31.1	23.5	61	2.2	27.9 
58321	2014	6	13	27.7	33.3	20.9	58	1.5	24.9 
58321	2014	6	14	29.3	34.6	24.7	57	1.5	12.7 
58321	2014	6	15	23.1	29.2	21.2	91	2.2	9.3 
58321	2014	6	16	21.3	22.6	20.5	95	1.7	9.3 
58321	2014	6	17	22.8	26.8	20.4	88	1.2	9.3 
58321	2014	6	18	25.3	30.1	21.4	84	1.9	16.8 
58321	2014	6	19	26.6	32.8	20.9	82	2	24.0 
58321	2014	6	20	27.3	31.2	23.8	32766	3	17.4 
58321	2014	6	21	25	27.8	24.4	32766	2.3	9.3 
58321	2014	6	22	25.2	29.5	22.3	81	1.2	12.9 
58321	2014	6	23	26.3	30.3	23.3	70	1.4	16.6 
58321	2014	6	24	27.4	32.6	22.3	70	1.9	26.2 
58321	2014	6	25	22.1	27.9	20.4	88	1.7	9.3 
58321	2014	6	26	21.4	22.6	20.3	96	1.5	9.3 
58321	2014	6	27	23.6	27.4	21.9	91	1.3	9.3 
58321	2014	6	28	25.6	30.4	20.7	85	1.3	9.3 
58321	2014	6	29	27.2	30	24.1	80	1.2	9.3 
58321	2014	6	30	26.9	29.1	23.7	82	1.7	11.5 
58321	2014	7	1	22.4	26.4	20.1	92	1.5	9.3 
58321	2014	7	2	24	28.1	21	90	1.4	11.2 
58321	2014	7	3	26.4	31.5	22	83	1.7	25.2 
58321	2014	7	4	24.7	28	22.6	89	2.3	9.3 
58321	2014	7	5	21.9	23.4	20.4	92	3.2	9.3 
58321	2014	7	6	24.6	29.5	20.3	80	1.4	17.1 
58321	2014	7	7	26.2	30.8	21.2	80	1.5	21.0 
58321	2014	7	8	27.2	31.9	22.4	76	1.5	24.0 
58321	2014	7	9	28	32.3	23.7	75	1.4	17.9 
58321	2014	7	10	29.4	35	23.3	70	1.1	29.2 
58321	2014	7	11	30.1	35.1	26.8	70	1.5	10.0 
58321	2014	7	12	23.8	30.6	22	92	2.9	9.3 
58321	2014	7	13	24.7	28.7	22	84	1.5	18.9 
58321	2014	7	14	26	30.3	22.2	85	1.8	22.0 
58321	2014	7	15	27.2	29.8	23.5	79	2.3	18.3 
58321	2014	7	16	25.9	27.4	24.9	88	2.4	9.3 
58321	2014	7	17	26.6	29.6	24.5	85	1.4	9.3 
58321	2014	7	18	28.7	32.4	25.3	86	1.1	9.3 
58321	2014	7	19	30.4	34	27.6	85	1	9.3 
58321	2014	7	20	31.8	36.6	27	70	1.7	23.0 
58321	2014	7	21	32.4	36.9	28	73	1.9	29.9 
58321	2014	7	22	33.1	37.5	28.2	70	1.6	28.0 
58321	2014	7	23	33.1	37.7	27.6	64	1.9	30.0 
58321	2014	7	24	29.7	33.9	25.1	81	4.8	12.2 
58321	2014	7	25	26.4	29.5	24.4	80	4.3	18.9 
58321	2014	7	26	27.2	31.2	24	78	1.3	11.6 
58321	2014	7	27	27.5	32	25.7	83	1.6	14.7 
58321	2014	7	28	27.2	32	24.5	86	1.4	15.2 
58321	2014	7	29	29.6	34.2	25.5	81	2.1	25.0 
58321	2014	7	30	32	36	28.3	75	2.4	29.6 
58321	2014	7	31	28.5	33.1	24.2	81	1.4	28.0 
58321	2014	8	1	27.9	32.6	26.2	85	2.6	18.8 
58321	2014	8	2	28.3	32.4	24.8	79	1.6	16.9 
58321	2014	8	3	30.3	34.4	26.7	78	1.6	18.4 
58321	2014	8	4	31.6	36.5	27.2	74	1.7	25.1 
58321	2014	8	5	32.2	36.6	28.1	75	1.3	22.6 
58321	2014	8	6	29	35.4	26.3	82	2.4	20.8 
58321	2014	8	7	25.8	30.8	22.5	91	2	9.2 
58321	2014	8	8	23.1	24.6	21.8	93	2	9.2 
58321	2014	8	9	24.6	28.2	23.3	90	1.9	9.2 
58321	2014	8	10	23.7	27.3	21.5	88	1.3	9.2 
58321	2014	8	11	25.3	28.2	23.3	85	1.3	9.2 
58321	2014	8	12	25.1	29.4	22.8	83	2.2	13.4 
58321	2014	8	13	21.1	23.4	20	95	3.2	9.2 
58321	2014	8	14	22.9	26.1	21	92	1.3	9.1 
58321	2014	8	15	24.9	30.4	20.2	84	1.3	23.8 
58321	2014	8	16	26.3	29.6	23.1	84	2	9.1 
58321	2014	8	17	22.8	25.9	20.6	84	1.7	9.1 
58321	2014	8	18	22.6	25.2	20.9	89	0.8	9.1 
58321	2014	8	19	24.8	29.7	20.2	81	1.3	18.0 
58321	2014	8	20	25	29.5	21.8	82	1.3	18.4 
58321	2014	8	21	25.9	31	21	79	1.7	25.1 
58321	2014	8	22	27.7	32	24.2	79	0.9	20.4 
58321	2014	8	23	28.9	33.5	25.2	78	1.6	16.0 
58321	2014	8	24	26	29.5	24.5	89	2.5	11.7 
58321	2014	8	25	26.3	30.6	23.5	85	0.8	11.8 
58321	2014	8	26	26.3	29.5	23.8	84	1.2	8.9 
58321	2014	8	27	22	26.4	20.9	94	2.6	8.9 
58321	2014	8	28	22.6	25.1	20.9	91	1.4	8.9 
58321	2014	8	29	23.9	27	22.1	90	0.9	8.8 
58321	2014	8	30	24.9	29.5	21.9	85	1.7	11.6 
58321	2014	8	31	24.6	27.6	22.9	92	2.1	8.8 
58321	2014	9	1	23.5	26.1	21.9	90	1.4	8.8 
58321	2014	9	2	23	26.5	22.4	94	1.2	8.7 
58321	2014	9	3	22.6	25.3	20.8	84	1.9	8.7 
58321	2014	9	4	22.9	28.9	18	82	1.3	21.1 
58321	2014	9	5	24.4	28.5	20.9	82	1.3	10.7 
58321	2014	9	6	25.4	30.4	21.4	86	1.7	10.8 
58321	2014	9	7	26.9	32.2	22.5	81	1.5	20.1 
58321	2014	9	8	24.9	26.6	23.6	93	1.5	8.5 
58321	2014	9	9	25.7	28.9	23.6	90	1.3	8.5 
58321	2014	9	10	23.6	26.1	22.6	94	2.1	8.4 
58321	2014	9	11	23.1	25.6	21.6	83	2.9	8.4 
58321	2014	9	12	20.2	22.2	18	91	2.4	8.4 
58321	2014	9	13	20.3	22	17.9	97	1.5	8.3 
58321	2014	9	14	23.9	27.7	21.4	88	1.7	9.0 
58321	2014	9	15	23.9	25.9	22.4	84	2.3	8.2 
58321	2014	9	16	24.2	27.4	21.1	78	2.3	11.8 
58321	2014	9	17	24.2	28.3	20.5	83	1.4	12.7 
58321	2014	9	18	19.8	24.8	18.4	94	2	8.1 
58321	2014	9	19	19.7	22.3	16.8	87	1.7	8.1 
58321	2014	9	20	20.5	26.9	15.6	86	1.2	18.4 
58321	2014	9	21	22.4	28	16.9	77	2.2	21.1 
58321	2014	9	22	23	27.6	18.6	69	3.6	17.0 
58321	2014	9	23	22.1	24.3	21	84	3.4	7.9 
58321	2014	9	24	23.6	28.8	20.2	77	1.6	10.5 
58321	2014	9	25	24.4	29.2	21.4	77	1.3	9.7 
58321	2014	9	26	24.4	28.2	21.6	77	1.7	10.4 
58321	2014	9	27	24.5	27.3	21.2	85	1.8	7.7 
58321	2014	9	28	26.6	32.8	23.5	85	2.5	14.7 
58321	2014	9	29	21	25.7	20.1	91	3.2	7.6 
58321	2014	9	30	20	21.5	18.2	80	2.6	7.5 
58321	2014	10	1	19.6	25.3	15	72	2	18.8 
58321	2014	10	2	21.6	26.1	19.3	78	1.4	12.2 
58321	2014	10	3	21.2	27.4	15.7	79	1.6	17.2 
58321	2014	10	4	21	26.8	14.5	62	1.8	19.7 
58321	2014	10	5	21.9	27.5	15.9	66	1.4	17.5 
58321	2014	10	6	19.9	23.9	16.6	58	2.5	17.8 
58321	2014	10	7	17.7	23.6	11.8	70	1.8	18.5 
58321	2014	10	8	18.5	25	12.8	72	2	18.2 
58321	2014	10	9	20.3	25.9	14.4	72	2.2	13.9 
58321	2014	10	10	20.5	25.6	15.9	71	2.4	16.5 
58321	2014	10	11	22.1	27.1	17.6	69	1.5	15.8 
58321	2014	10	12	21.1	25.2	16.4	72	2.4	13.7 
58321	2014	10	13	16.2	21.8	13.8	66	3.2	11.6 
58321	2014	10	14	15.3	21	9.5	58	1.6	16.1 
58321	2014	10	15	16.6	24.9	9.1	70	1	16.5 
58321	2014	10	16	18.5	22	15.3	71	1.3	6.5 
58321	2014	10	17	20.1	24.8	16.8	67	1.3	7.5 
58321	2014	10	18	19.7	27.4	12.9	72	1.5	15.3 
58321	2014	10	19	21.5	28.2	16.6	69	1.7	13.1 
58321	2014	10	20	22	27.8	17.9	80	1.1	6.3 
58321	2014	10	21	17.7	22.9	16.1	93	2.3	6.2 
58321	2014	10	22	16.5	22.6	13	87	1.2	12.2 
58321	2014	10	23	16.7	24.7	11.5	84	0.8	14.2 
58321	2014	10	24	18.1	26	11.6	80	1.3	14.7 
58321	2014	10	25	19.6	27.3	13.8	75	1.4	14.8 
58321	2014	10	26	20.9	29.5	14.2	73	1.4	14.4 
58321	2014	10	27	18.9	19.9	16.6	71	3.5	5.8 
58321	2014	10	28	15.7	18.4	12.7	71	2.9	5.8 
58321	2014	10	29	16.1	17.6	14.7	89	2.4	5.7 
58321	2014	10	30	16.2	16.7	15.7	97	1	5.6 
58321	2014	10	31	16.3	17.3	15.5	95	1.7	5.6 
58321	2014	11	1	17.3	19.4	15.9	85	2.2	5.5 
58321	2014	11	2	14.5	17.7	12.5	62	4	11.0 
58321	2014	11	3	10.6	17.2	4.8	66	0.8	12.8 
58321	2014	11	4	11.8	19.8	5.1	72	1.2	12.7 
58321	2014	11	5	12.1	18.5	8.1	87	1.1	7.1 
58321	2014	11	6	12.9	18.9	8.5	84	1.3	10.6 
58321	2014	11	7	13.2	15.5	10.7	76	2.7	7.5 
58321	2014	11	8	10.9	13	9.8	86	2.3	5.1 
58321	2014	11	9	12	14.2	10.7	77	1.4	5.0 
58321	2014	11	10	13.1	15.9	11.7	76	1.2	4.9 
58321	2014	11	11	13	17.7	10.4	84	1	6.1 
58321	2014	11	12	13.2	18	9.1	61	2.1	8.2 
58321	2014	11	13	10.5	16.2	5.9	47	2.1	11.2 
58321	2014	11	14	10.4	18.1	3.4	69	1.4	10.6 
58321	2014	11	15	10.6	13.7	6.5	69	1.7	4.6 
58321	2014	11	16	10.6	15.3	6	81	1.5	8.0 
58321	2014	11	17	10.6	14.8	8	55	2.5	8.8 
58321	2014	11	18	7.5	15.6	1.5	68	0.8	9.7 
58321	2014	11	19	8.3	13.7	3.9	78	1.6	5.2 
58321	2014	11	20	11	18.6	5	79	1.3	9.9 
58321	2014	11	21	13.5	21.5	9	76	1	9.0 
58321	2014	11	22	16.4	21.7	12.3	66	1.5	7.4 
58321	2014	11	23	15.1	16.9	13.2	90	2	4.2 
58321	2014	11	24	12.1	14.6	10.1	94	2.4	4.2 
58321	2014	11	25	10.2	11	9.2	93	2	4.1 
58321	2014	11	26	11.6	15.1	10.1	88	1.3	4.1 
58321	2014	11	27	11.5	13.2	9.1	94	1.3	4.0 
58321	2014	11	28	10.5	12.3	9.1	84	2.1	4.0 
58321	2014	11	29	11.1	13.3	8.5	94	1.5	4.0 
58321	2014	11	30	10.3	12.1	9.5	90	3.4	3.9 
58321	2014	12	1	5.8	10.4	3.5	46	3.2	8.5 
58321	2014	12	2	2.7	7.4	-1.2	53	1.5	8.4 
58321	2014	12	3	4	5.7	1.8	71	1.7	6.8 
58321	2014	12	4	3.1	7.9	-1	61	2.4	3.8 
58321	2014	12	5	2.1	11.3	-3.8	71	1	5.4 
58321	2014	12	6	3.5	11.3	-1.9	70	1	3.7 
58321	2014	12	7	7.5	12.7	3.2	51	1.8	4.7 
58321	2014	12	8	4.7	9.9	-0.9	53	1.6	5.6 
58321	2014	12	9	7.3	13.2	2.3	71	2.5	6.6 
58321	2014	12	10	6	10.2	4.2	84	2.6	7.8 
58321	2014	12	11	6.2	8.2	4.6	48	2.3	6.7 
58321	2014	12	12	4.1	9.4	-1.2	49	1.8	6.2 
58321	2014	12	13	2.2	10.9	-3.3	64	1	6.4 
58321	2014	12	14	4.3	12.2	-2.3	64	1.7	5.4 
58321	2014	12	15	4.8	8.8	-0.7	63	2.3	3.5 
58321	2014	12	16	3.2	7.5	0.5	34	2.8	3.5 
58321	2014	12	17	1.9	9.3	-3.6	49	1.9	3.5 
58321	2014	12	18	3.8	10.1	-2.8	56	1.7	3.5 
58321	2014	12	19	7.6	13.2	5	62	1.6	3.5 
58321	2014	12	20	4.7	8.3	1.4	46	1.9	3.5 
58321	2014	12	21	3.7	6.6	2.2	36	2.5	7.1 
58321	2014	12	22	2.3	10.6	-4.9	50	1.6	7.4 
58321	2014	12	23	3.5	11.3	-2.1	57	1.1	6.8 
58321	2014	12	24	4.7	13.6	-2	63	1.3	4.3 
58321	2014	12	25	4.7	7.6	1.3	63	2	3.5 
58321	2014	12	26	3.7	8.3	-0.7	66	1.6	3.5 
58321	2014	12	27	4.8	10.4	0.1	74	1.4	7.1 
58321	2014	12	28	6.4	15.2	1.4	65	1.2	6.8 
58321	2014	12	29	6	15.9	-0.4	79	1.4	7.5 
58321	2014	12	30	7.3	16.8	1	78	1.3	7.6 
58321	2014	12	31	5.6	10.6	3.1	42	3.4	7.7 
58321	2015	1	1	-0.3	7.2	-5.7	51	1	8.1 
58321	2015	1	2	2.7	11.5	-5.1	48	1.6	7.4 
58321	2015	1	3	8	15.5	3.4	41	1.7	6.3 
58321	2015	1	4	9.4	17.7	2.1	57	1.7	7.3 
58321	2015	1	5	9.5	14.6	5.7	65	2.4	3.7 
58321	2015	1	6	5.1	8.8	2.1	78	2.3	3.7 
58321	2015	1	7	2.3	7.7	-2.2	75	0.9	6.4 
58321	2015	1	8	2.8	10.2	-2.7	78	1.4	7.4 
58321	2015	1	9	5	14.5	-0.6	76	1	7.2 
58321	2015	1	10	5.5	15.3	-0.1	77	0.9	7.9 
58321	2015	1	11	6.2	16.2	-0.3	74	0.9	8.1 
58321	2015	1	12	5.9	10.5	3.9	71	3.5	3.9 
58321	2015	1	13	5.1	6.1	4.5	85	2.4	4.0 
58321	2015	1	14	5.8	7.1	4.9	89	1.5	4.0 
58321	2015	1	15	6	7.7	5.1	78	1.1	4.0 
58321	2015	1	16	6.1	10.5	2.5	75	1.9	4.1 
58321	2015	1	17	3.6	7.7	-0.5	54	1.6	8.5 
58321	2015	1	18	4.5	13	-2.2	63	1.7	8.8 
58321	2015	1	19	5.2	14.5	-1.7	59	1.3	9.0 
58321	2015	1	20	8.7	14.7	6.1	49	1.6	7.1 
58321	2015	1	21	7.6	11.9	1.8	59	3.2	9.5 
58321	2015	1	22	3.8	10.1	-0.1	57	1.5	9.3 
58321	2015	1	23	5.1	11	-0.3	65	1.9	6.0 
58321	2015	1	24	11	18.8	3.8	61	2.1	6.6 
58321	2015	1	25	6.6	13.7	5.3	83	3	4.5 
58321	2015	1	26	6.8	9.5	4.5	77	1.3	4.6 
58321	2015	1	27	3	8.2	0.7	91	3.2	4.6 
58321	2015	1	28	-0.3	0.9	-1.2	95	3	4.7 
58321	2015	1	29	0.3	0.9	-0.5	94	1.6	4.8 
58321	2015	1	30	0.7	3	-1.2	86	1.6	5.7 
58321	2015	1	31	1.6	2.9	0.2	71	1.7	4.9 
58321	2015	2	1	2	3.4	1	73	1.7	4.9 
58321	2015	2	2	3	5.7	0.3	78	0.9	5.0 
58321	2015	2	3	4.3	5.3	3.7	80	1.5	5.1 
58321	2015	2	4	3.1	7.9	-0.2	74	1.9	5.1 
58321	2015	2	5	2.2	8.8	-2.8	62	1	11.2 
58321	2015	2	6	3	10.1	-2.6	64	1.4	12.3 
58321	2015	2	7	6.4	13.2	-0.6	63	1.8	8.1 
58321	2015	2	8	3	8.6	-0.5	49	2.9	12.5 
58321	2015	2	9	1.1	7.3	-4.4	50	2	12.3 
58321	2015	2	10	4.2	12.4	-3.7	57	1.3	12.3 
58321	2015	2	11	8.2	16.7	-0.2	57	1.9	13.1 
58321	2015	2	12	8	16.5	0.5	52	1.1	13.2 
58321	2015	2	13	8.3	16.4	3.1	65	1.2	10.8 
58321	2015	2	14	10.9	17.8	3.9	68	2.4	10.8 
58321	2015	2	15	13	16	10.5	89	2.1	5.8 
58321	2015	2	16	10.7	15.5	8.4	83	2.2	9.5 
58321	2015	2	17	10	16.3	4.2	75	1.7	12.9 
58321	2015	2	18	8.7	11.2	6.1	62	2.7	6.0 
58321	2015	2	19	7.9	12.5	3.4	47	3.6	11.0 
58321	2015	2	20	7.2	10	6.3	89	1.7	6.2 
58321	2015	2	21	5.6	7.3	4.9	87	2.3	6.2 
58321	2015	2	22	5.4	10.9	0.5	87	1.5	9.3 
58321	2015	2	23	7.2	10.3	3.9	85	1.3	7.6 
58321	2015	2	24	8.3	10.5	3.9	83	1.6	6.4 
58321	2015	2	25	8.9	10.5	7.5	93	0.9	6.5 
58321	2015	2	26	9.4	11	7.5	83	2.7	6.6 
58321	2015	2	27	5.7	9.8	3.8	76	5.5	6.6 
58321	2015	2	28	2.7	4	0.6	90	3.2	6.7 
58321	2015	3	1	5.6	11.2	-0.3	81	1.7	13.0 
58321	2015	3	2	8.8	14.3	3.7	74	2.1	14.0 
58321	2015	3	3	10.3	12.2	9.1	54	3	11.6 
58321	2015	3	4	5.3	9.2	3.3	46	3.1	6.9 
58321	2015	3	5	3.1	5.6	2.2	69	1.8	7.0 
58321	2015	3	6	4.5	6.8	2.8	76	1.1	7.1 
58321	2015	3	7	5.8	11.7	1	81	2	13.5 
58321	2015	3	8	8.5	10.4	5.6	76	1.5	7.2 
58321	2015	3	9	8.8	14.5	4.4	75	1.9	7.3 
58321	2015	3	10	5.3	9	2	47	2.9	15.6 
58321	2015	3	11	7.4	13.1	2.3	56	1.3	11.1 
58321	2015	3	12	10.1	18	1.9	70	1.8	17.5 
58321	2015	3	13	11.7	18.9	6.2	73	1.2	10.7 
58321	2015	3	14	10.1	11.8	8.9	86	1.4	7.5 
58321	2015	3	15	11	12.8	8.6	90	2	7.6 
58321	2015	3	16	14.3	19.2	11.1	87	2.2	11.9 
58321	2015	3	17	15	19.9	13.4	93	1.9	7.7 
58321	2015	3	18	11.6	13.8	10.6	94	1.9	7.8 
58321	2015	3	19	10.9	13.6	8.6	88	1.5	7.8 
58321	2015	3	20	10.6	12.7	9	90	1.4	7.9 
58321	2015	3	21	13.1	21.4	6.1	83	1.1	20.4 
58321	2015	3	22	15.4	22.3	8.9	76	1.6	18.5 
58321	2015	3	23	13.6	18.2	10.7	48	3.6	11.2 
58321	2015	3	24	12.4	17.7	6.6	50	3.3	20.5 
58321	2015	3	25	13.8	19.4	8.2	42	2.9	21.6 
58321	2015	3	26	12.3	16.2	9	66	1.9	9.7 
58321	2015	3	27	13.9	19.3	10.3	76	1.1	14.4 
58321	2015	3	28	16.2	22.5	10.8	74	2	20.7 
58321	2015	3	29	17.4	22.6	10.7	76	1.5	13.5 
58321	2015	3	30	20.2	26.1	15.7	77	2.4	20.3 
58321	2015	3	31	23.2	29.4	17.8	80	2.3	22.8 
58321	2015	4	1	23.6	28.1	20.9	76	2.8	17.5 
58321	2015	4	2	14.5	21.4	10.3	86	3.2	8.5 
58321	2015	4	3	12.4	14.9	10.3	77	2.7	12.0 
58321	2015	4	4	12.1	13.6	10.7	89	2.2	8.6 
58321	2015	4	5	11.2	12.7	10.6	95	2	8.6 
58321	2015	4	6	10.6	11.9	9.7	89	1.9	8.6 
58321	2015	4	7	7.1	10	5.2	73	2.8	8.7 
58321	2015	4	8	7.7	13	1.5	71	2.1	22.5 
58321	2015	4	9	10.4	16.8	4	68	1	22.2 
58321	2015	4	10	12.5	19	6	73	1.1	20.1 
58321	2015	4	11	14.7	21.5	6.7	63	1.2	22.4 
58321	2015	4	12	14.8	23.7	9.4	66	3.7	20.6 
58321	2015	4	13	10.1	13.8	6.5	61	4	21.5 
58321	2015	4	14	13.7	21.6	7.2	54	2.5	25.6 
58321	2015	4	15	15.8	21.3	8.5	61	2	14.1 
58321	2015	4	16	18	23.1	11	70	1.7	16.4 
58321	2015	4	17	20.5	26.6	14.7	61	3	22.7 
58321	2015	4	18	20.3	24.9	17	70	2.1	9.0 
58321	2015	4	19	17.2	21.3	13.9	97	1.6	9.0 
58321	2015	4	20	14.2	18.7	11.3	75	2.3	11.3 
58321	2015	4	21	15	21.4	7.5	63	1.3	26.4 
58321	2015	4	22	17.5	25.4	9	67	1.4	27.5 
58321	2015	4	23	21.6	28.9	12.8	55	1.2	27.1 
58321	2015	4	24	21.1	27.1	17.5	68	1.2	13.6 
58321	2015	4	25	20.7	28.6	13.6	72	1.2	24.0 
58321	2015	4	26	22.6	29.5	14.3	53	1.7	28.1 
58321	2015	4	27	23.3	29.4	16.2	66	1.9	25.2 
58321	2015	4	28	24.1	30	18.1	78	2.7	25.1 
58321	2015	4	29	21.2	27.1	17.5	73	2	21.4 
58321	2015	4	30	22.1	27.9	14.6	68	1.7	28.5 
58321	2015	5	1	24	30.7	16.3	61	1.9	22.2 
58321	2015	5	2	21	25.9	18.8	85	2.6	9.2 
58321	2015	5	3	20.5	25.4	15.6	80	1.2	21.7 
58321	2015	5	4	19.4	24.3	16.3	79	2	9.3 
58321	2015	5	5	19.7	26.2	11.7	67	2.1	27.3 
58321	2015	5	6	19.9	24.1	18.6	87	0.5	12.9 
58321	2015	5	7	22.4	28.5	16.5	82	1.4	22.6 
58321	2015	5	8	21.7	24.2	20.3	85	1	9.3 
58321	2015	5	9	21.1	24.8	18.8	86	1.6	9.8 
58321	2015	5	10	22.3	27.6	17.3	75	2.6	24.9 
58321	2015	5	11	15.9	23	13.5	87	2.7	11.4 
58321	2015	5	12	19.9	28	10.8	59	3.7	30.8 
58321	2015	5	13	23.7	29.7	18.4	60	3.4	25.2 
58321	2015	5	14	26.5	31.5	21.7	73	3.2	22.2 
58321	2015	5	15	22.7	25.8	20.3	88	2.5	9.3 
58321	2015	5	16	21.5	27	16.8	65	2	26.4 
58321	2015	5	17	23.8	27.6	19.1	65	2.2	22.0 
58321	2015	5	18	24.1	27.7	20.8	83	1.6	9.3 
58321	2015	5	19	25	31.4	20	81	1.1	21.7 
58321	2015	5	20	24.1	29	21.2	58	2.9	15.3 
58321	2015	5	21	22.3	28.2	13.7	42	2.6	29.9 
58321	2015	5	22	22.6	28.2	16.6	54	1.6	11.5 
58321	2015	5	23	23.3	27.8	19.7	60	1.3	12.3 
58321	2015	5	24	24.7	29.6	19.4	57	1.6	24.7 
58321	2015	5	25	25.7	30.7	19.2	52	1.8	25.9 
58321	2015	5	26	24.9	28.8	22.8	64	2.3	10.1 
58321	2015	5	27	20.9	24	18.9	85	1.8	9.3 
58321	2015	5	28	22.6	25.7	20	89	1.1	9.3 
58321	2015	5	29	22.4	24.4	21.6	92	2.1	9.3 
58321	2015	5	30	24.1	28.7	20.9	82	0.9	11.9 
58321	2015	5	31	25.6	29.8	20.3	76	1.7	21.7 
58321	2015	6	1	26.7	31.6	20.6	74	1.9	22.3 
58321	2015	6	2	25.1	27.7	23	92	1.9	10.1 
58321	2015	6	3	22.5	24.1	20.9	71	2.6	9.3 
58321	2015	6	4	20.5	24.4	18.8	62	1.9	9.3 
58321	2015	6	5	22.7	31.7	13.9	73	2.2	31.9 
58321	2015	6	6	25.4	31.7	18.3	71	2	27.4 
58321	2015	6	7	24.5	27.6	22.9	70	1.6	9.3 
58321	2015	6	8	24.5	28.2	21.2	79	1.4	9.3 
58321	2015	6	9	24.7	27.7	21.3	77	1.6	9.3 
58321	2015	6	10	26.5	30.3	23.1	80	1.7	16.6 
58321	2015	6	11	27.9	32.8	22.6	55	3.5	26.7 
58321	2015	6	12	27.7	35.1	19.2	54	2.1	26.6 
58321	2015	6	13	28.2	33.5	23.7	72	2.2	21.1 
58321	2015	6	14	28.2	33.8	23	73	1.6	14.8 
58321	2015	6	15	25.5	29	23.5	82	1.7	9.3 
58321	2015	6	16	22.2	24.3	21.2	96	1.5	9.3 
58321	2015	6	17	21.5	22.3	21	96	2.2	9.3 
58321	2015	6	18	23.1	27.4	20.4	82	1.8	18.3 
58321	2015	6	19	25.2	29.9	19.7	77	1.4	28.3 
58321	2015	6	20	26.6	31.1	22	75	2.3	17.9 
58321	2015	6	21	23.5	26.8	21.7	83	2.2	9.3 
58321	2015	6	22	24.4	28.2	21.2	83	1.6	21.7 
58321	2015	6	23	25.3	28.5	22.7	87	2.2	10.2 
58321	2015	6	24	27.7	32.8	24.8	88	1.9	9.3 
58321	2015	6	25	27.2	33.3	23.3	88	2.9	17.9 
58321	2015	6	26	23	24.5	22	96	1.4	9.3 
58321	2015	6	27	22.2	23.7	21.2	97	3.5	9.3 
58321	2015	6	28	22.1	23.2	21.2	96	2	9.3 
58321	2015	6	29	26.2	31.9	22.4	92	1.9	13.2 
58321	2015	6	30	24.3	28.9	22	92	1.8	9.3 
58321	2015	7	1	24.5	29.5	20.4	84	1.3	23.7 
58321	2015	7	2	26.8	32.5	22	79	1.4	19.2 
58321	2015	7	3	26.5	28.7	22.6	82	1.3	9.3 
58321	2015	7	4	25	28	22.8	74	2.1	14.5 
58321	2015	7	5	24.1	27.6	21.1	74	1.9	14.0 
58321	2015	7	6	19.7	23.9	17.9	85	2.1	9.3 
58321	2015	7	7	22.7	27.4	17.5	75	2.2	18.8 
58321	2015	7	8	23.1	27.3	19.2	82	1.8	13.0 
58321	2015	7	9	22.2	24.5	19.6	93	1.8	9.3 
58321	2015	7	10	26.9	31.5	23.2	85	2.4	17.1 
58321	2015	7	11	27.3	30.5	24.9	80	4.9	9.3 
58321	2015	7	12	28.4	32.9	24.7	76	2.2	29.1 
58321	2015	7	13	29.7	35.7	23.9	77	1.5	25.9 
58321	2015	7	14	30.7	36.1	26.6	76	1.7	24.6 
58321	2015	7	15	29.7	33.3	27	74	1.3	12.6 
58321	2015	7	16	26.1	30.3	24.9	88	2.4	9.3 
58321	2015	7	17	23.2	26.1	22.2	97	2.3	9.3 
58321	2015	7	18	24	26.4	22.2	92	1.3	9.3 
58321	2015	7	19	24.8	28.4	23	92	0.9	9.3 
58321	2015	7	20	25.7	27.7	23.7	91	1.7	9.3 
58321	2015	7	21	27.6	31.9	25	88	1.6	9.3 
58321	2015	7	22	29.1	33.5	24.7	82	1.5	17.1 
58321	2015	7	23	26.6	30.1	24.7	89	1.6	9.3 
58321	2015	7	24	26.5	29.8	24.4	93	2	12.4 
58321	2015	7	25	27.5	30.9	25.2	89	2	12.7 
58321	2015	7	26	28.8	32.6	26	86	1.7	17.0 
58321	2015	7	27	30.6	34.6	27.4	78	3.2	29.8 
58321	2015	7	28	31.7	34.8	27.2	69	3.8	30.6 
58321	2015	7	29	31.5	35.5	25.8	68	3.1	30.9 
58321	2015	7	30	30.7	34.3	26.8	71	3.8	30.2 
58321	2015	7	31	31.6	35.5	27.7	69	3.2	28.7 
58321	2015	8	1	31.4	35.2	28.3	68	2.1	21.5 
58321	2015	8	2	32	36.4	28.1	72	3	29.6 
58321	2015	8	3	32.6	36.3	28.6	66	4.6	30.4 
58321	2015	8	4	32.6	37.1	26.7	64	2.4	30.2 
58321	2015	8	5	31.2	36.1	27.3	71	2.2	24.5 
58321	2015	8	6	29.8	34	24.9	77	1.9	22.9 
58321	2015	8	7	29.7	34.6	25.9	75	2	24.5 
58321	2015	8	8	29	34.3	26.3	77	4	23.6 
58321	2015	8	9	26.7	28.1	25.9	93	4.8	9.2 
58321	2015	8	10	24.5	26.6	23.3	97	4.6	9.2 
58321	2015	8	11	25.5	29.9	23.1	84	1.7	9.2 
58321	2015	8	12	26.5	31.3	22.1	85	0.6	15.1 
58321	2015	8	13	27.1	30.4	24.9	79	1.4	19.5 
58321	2015	8	14	27.9	33.7	21.9	74	1.6	25.6 
58321	2015	8	15	28.3	32.8	25.2	74	1.4	13.3 
58321	2015	8	16	28.1	32.9	25.4	83	1.1	11.5 
58321	2015	8	17	27	32	23.2	83	1.6	18.0 
58321	2015	8	18	27.5	30.5	24.6	78	2.1	11.7 
58321	2015	8	19	25.5	27.9	23.7	92	2.7	9.1 
58321	2015	8	20	22.9	25.6	21.7	98	2	9.0 
58321	2015	8	21	25.6	30	23.3	88	0.9	9.0 
58321	2015	8	22	26.5	31.7	22.9	85	1.5	15.0 
58321	2015	8	23	26.6	31.5	21.9	73	1.8	24.9 
58321	2015	8	24	26.3	31.5	22.5	79	2.2	20.6 
58321	2015	8	25	25	29.6	21.2	81	2	19.9 
58321	2015	8	26	26.4	31.5	22	74	1.3	23.8 
58321	2015	8	27	26.9	32.3	21.7	74	1.6	21.8 
58321	2015	8	28	26.4	31.8	21.7	75	1.4	24.8 
58321	2015	8	29	26.1	31.9	21.8	79	0.9	13.6 
58321	2015	8	30	26.8	32.4	21.5	75	1.6	19.8 
58321	2015	8	31	26.1	32.2	21.9	78	1.1	14.8 
58321	2015	9	1	26.6	31.6	21.8	75	1.5	22.3 
58321	2015	9	2	26.2	30.7	20.6	64	2.1	25.2 
58321	2015	9	3	25.9	31.5	20.3	73	1.2	20.6 
58321	2015	9	4	26.1	31.6	23.5	83	2	11.1 
58321	2015	9	5	24.8	27.7	22.5	89	1.7	12.1 
58321	2015	9	6	24.9	29.9	21.8	79	1.6	17.7 
58321	2015	9	7	25.6	29.9	21.6	70	2.3	20.9 
58321	2015	9	8	25.5	30.7	20.7	70	2.1	22.4 
58321	2015	9	9	24.9	30.5	20.7	68	1.8	20.6 
58321	2015	9	10	24.3	28.6	19.6	70	1.5	19.2 
58321	2015	9	11	23.6	28.1	19.7	76	1.4	11.4 
58321	2015	9	12	22.6	26	19.4	68	2.7	15.1 
58321	2015	9	13	20.8	25.7	14.5	56	1.8	15.7 
58321	2015	9	14	22.2	27.2	17.3	65	1.9	17.3 
58321	2015	9	15	22.1	24.9	19.1	79	1.3	12.4 
58321	2015	9	16	22.4	28.3	17.9	77	1.1	18.8 
58321	2015	9	17	22.3	27.1	17.9	75	1.2	10.8 
58321	2015	9	18	23	28.1	19.2	73	1.2	12.1 
58321	2015	9	19	24.4	29.5	21.1	72	1.3	11.9 
58321	2015	9	20	24.4	29.3	21.3	66	1.2	16.6 
58321	2015	9	21	23.7	28.8	17.9	68	2.5	14.0 
58321	2015	9	22	24.2	29.1	20.8	72	2	14.8 
58321	2015	9	23	22.9	28	20.3	80	1.5	17.9 
58321	2015	9	24	23.2	28.8	19.4	81	1.8	14.0 
58321	2015	9	25	23.2	27.2	20.5	82	1.8	7.8 
58321	2015	9	26	24.2	30.2	20.2	74	1.1	18.1 
58321	2015	9	27	24.7	29.8	20.5	70	2	17.7 
58321	2015	9	28	24.1	29.1	18.6	67	2.8	20.3 
58321	2015	9	29	22.4	25.5	21.3	81	4.2	7.6 
58321	2015	9	30	21.6	23.1	20.4	98	2.3	7.5 
58321	2015	10	1	20.7	23.7	18.2	66	3.5	15.2 
58321	2015	10	2	17.9	26.4	11	64	1.3	19.0 
58321	2015	10	3	19.2	24.6	14.2	71	1	7.3 
58321	2015	10	4	21.7	28.1	15.5	71	2.2	15.1 
58321	2015	10	5	21	24.1	18.8	81	1.8	8.4 
58321	2015	10	6	20.4	21.9	19	94	1.6	7.2 
58321	2015	10	7	20.5	22.3	19.3	99	1.9	7.1 
58321	2015	10	8	18.1	20	16.8	94	2.1	7.0 
58321	2015	10	9	18	23.3	15	68	1.9	18.0 
58321	2015	10	10	18.2	24.3	11.7	64	2.9	17.6 
58321	2015	10	11	16.3	24.7	9.3	53	1.6	16.6 
58321	2015	10	12	16.3	25	9.1	63	0.9	16.6 
58321	2015	10	13	16.7	25.5	9.6	67	0.9	12.7 
58321	2015	10	14	18.7	26.8	13.1	67	1.2	15.9 
58321	2015	10	15	19.9	29.2	13.1	73	1.2	16.3 
58321	2015	10	16	19.7	27.8	13.2	74	0.5	13.0 
58321	2015	10	17	20.2	27.5	14	73	1.3	15.1 
58321	2015	10	18	19.8	26.8	12.7	61	2.1	15.8 
58321	2015	10	19	19.7	24.9	14.4	68	1.4	11.7 
58321	2015	10	20	19.3	25.6	14	72	1.8	14.0 
58321	2015	10	21	19.5	26.4	13.8	78	1.7	11.2 
58321	2015	10	22	20.3	25.4	15.5	74	2.1	15.0 
58321	2015	10	23	20.5	26	17.2	81	1.4	8.5 
58321	2015	10	24	20.7	27.4	15.2	80	1.4	12.8 
58321	2015	10	25	21.3	24.3	19	78	2.9	6.0 
58321	2015	10	26	17.5	22.2	14.6	90	1.9	5.9 
58321	2015	10	27	14.5	20.1	11.5	72	2.1	13.9 
58321	2015	10	28	13.8	17.9	9.9	79	1.1	5.8 
58321	2015	10	29	15	17.8	12.2	81	1.1	5.7 
58321	2015	10	30	15.2	17.6	13.5	64	2.2	5.6 
58321	2015	10	31	14.4	17.3	11.5	50	2.5	8.4 
58321	2015	11	1	12.1	17	9	64	1.2	11.3 
58321	2015	11	2	12.1	20.7	5.5	70	1.3	12.1 
58321	2015	11	3	13.9	20.3	8.7	67	2.3	12.1 
58321	2015	11	4	16.8	21	13.3	75	1.3	7.4 
58321	2015	11	5	18.8	23	15.7	79	1.5	7.4 
58321	2015	11	6	19.8	27.5	14.7	89	2.6	6.1 
58321	2015	11	7	7.6	14.6	6.3	93	3.5	5.1 
58321	2015	11	8	8.3	9.6	7	89	2.5	5.1 
58321	2015	11	9	10.2	11.9	8.2	78	1.8	5.0 
58321	2015	11	10	11.9	15.7	8.4	68	2	8.9 
58321	2015	11	11	12.3	13.5	10.8	77	2.7	4.9 
58321	2015	11	12	12.4	13.2	11.5	92	2.4	4.8 
58321	2015	11	13	12.5	13.8	11.3	92	2.1	4.8 
58321	2015	11	14	13.2	15.5	11.8	85	1.1	4.7 
58321	2015	11	15	14.6	20.1	10.2	89	1.7	4.9 
58321	2015	11	16	14.5	15.9	13.6	94	1.9	4.6 
58321	2015	11	17	13.2	14.1	12.6	94	2.6	4.5 
58321	2015	11	18	10.9	13	9.8	98	2.4	4.5 
58321	2015	11	19	10.8	12.1	9.4	98	1	4.4 
58321	2015	11	20	12.1	13.4	10.9	96	1.4	4.4 
58321	2015	11	21	14	15	12.9	94	1.1	4.3 
58321	2015	11	22	13.9	16.3	10.2	100	1.7	4.3 
58321	2015	11	23	6.8	10.4	6	99	2.6	4.2 
58321	2015	11	24	4.7	8.6	0.7	99	2.7	4.2 
58321	2015	11	25	1.5	3.5	0.3	91	2.7	4.1 
58321	2015	11	26	0.9	4.7	-1.1	72	2.3	8.6 
58321	2015	11	27	2.4	8.6	-3.9	68	1.5	7.4 
58321	2015	11	28	8.3	14.1	3.7	70	1.4	4.7 
58321	2015	11	29	10.1	17	5.8	82	1.1	8.8 
58321	2015	11	30	8.5	11.5	5.1	95	0.7	3.9 
58321	2015	12	1	5.8	10.4	3.5	46	3.2	8.5 
58321	2015	12	2	2.7	7.4	-1.2	53	1.5	8.4 
58321	2015	12	3	4	5.7	1.8	71	1.7	6.8 
58321	2015	12	4	3.1	7.9	-1	61	2.4	3.8 
58321	2015	12	5	2.1	11.3	-3.8	71	1	5.4 
58321	2015	12	6	3.5	11.3	-1.9	70	1	3.7 
58321	2015	12	7	7.5	12.7	3.2	51	1.8	4.7 
58321	2015	12	8	4.7	9.9	-0.9	53	1.6	5.6 
58321	2015	12	9	7.3	13.2	2.3	71	2.5	6.6 
58321	2015	12	10	6	10.2	4.2	84	2.6	7.8 
58321	2015	12	11	6.2	8.2	4.6	48	2.3	6.7 
58321	2015	12	12	4.1	9.4	-1.2	49	1.8	6.2 
58321	2015	12	13	2.2	10.9	-3.3	64	1	6.4 
58321	2015	12	14	4.3	12.2	-2.3	64	1.7	5.4 
58321	2015	12	15	4.8	8.8	-0.7	63	2.3	3.5 
58321	2015	12	16	3.2	7.5	0.5	34	2.8	3.5 
58321	2015	12	17	1.9	9.3	-3.6	49	1.9	3.5 
58321	2015	12	18	3.8	10.1	-2.8	56	1.7	3.5 
58321	2015	12	19	7.6	13.2	5	62	1.6	3.5 
58321	2015	12	20	4.7	8.3	1.4	46	1.9	3.5 
58321	2015	12	21	3.7	6.6	2.2	36	2.5	7.1 
58321	2015	12	22	2.3	10.6	-4.9	50	1.6	7.4 
58321	2015	12	23	3.5	11.3	-2.1	57	1.1	6.8 
58321	2015	12	24	4.7	13.6	-2	63	1.3	4.3 
58321	2015	12	25	4.7	7.6	1.3	63	2	3.5 
58321	2015	12	26	3.7	8.3	-0.7	66	1.6	3.5 
58321	2015	12	27	4.8	10.4	0.1	74	1.4	7.1 
58321	2015	12	28	6.4	15.2	1.4	65	1.2	6.8 
58321	2015	12	29	6	15.9	-0.4	79	1.4	7.5 
58321	2015	12	30	7.3	16.8	1	78	1.3	7.6 
58321	2015	12	31	5.6	10.6	3.1	42	3.4	7.7 