Y	M	D	62903180	62915310	62922800	62942717	62942747
2010	1	1	0	0	0	0	0
2010	1	2	0	0	0	0	0
2010	1	3	0	0	0	0	0
2010	1	4	0	0	0	0	0
2010	1	5	0	0	0	0	0
2010	1	6	0	0	0	0	0
2010	1	7	0	0	0	0	0
2010	1	8	0	0	0	0	0
2010	1	9	0	0	0	0	0
2010	1	10	0	1	1.5	0.8	0.8
2010	1	11	0	1	0.5	0.5	0.5
2010	1	12	0	0	0	0	0
2010	1	13	0	0	0	0	0
2010	1	14	0	0	0	0	0
2010	1	15	0	0	0	0	0
2010	1	16	0	0	0	0	0
2010	1	17	0	0	0	0	0
2010	1	18	0	0	0	0	0
2010	1	19	0	0	0	0	0
2010	1	20	0	0	0	0	0
2010	1	21	0	0	1.5	0.5	0.5
2010	1	22	0	0	0	0	0
2010	1	23	0	0	0	0	0
2010	1	24	0	0.5	0.5	0.3	0.3
2010	1	25	0	0	0	0	0
2010	1	26	0	0	0	0	0
2010	1	27	1.5	0.5	2.5	1.5	1.5
2010	1	28	0	0.5	0	0.2	0.2
2010	1	29	0	0	0	0	0
2010	1	30	4	3.5	4.5	4	4
2010	1	31	7	8	7.5	7.5	7.5
2010	2	1	1	2	2.5	1.8	1.8
2010	2	2	0	0	0	0	0
2010	2	3	0	0	0	0	0
2010	2	4	0	0	0	0	0
2010	2	5	0	0	0	0	0
2010	2	6	0	0.5	0	0.2	0.2
2010	2	7	0	0	0	0	0
2010	2	8	0	0	0	0	0
2010	2	9	6.5	9	4.5	6.7	6.7
2010	2	10	11.5	26	23	20.2	20.2
2010	2	11	0	0.5	2	0.8	0.8
2010	2	12	2.5	7.5	7	5.7	5.7
2010	2	13	0	2	2	1.3	1.3
2010	2	14	0.5	4.5	4.5	3.2	3.2
2010	2	15	0	3	3.5	2.2	2.2
2010	2	16	0	3.5	3.5	2.3	2.3
2010	2	17	0	1	1.5	0.8	0.8
2010	2	18	0	0	0	0	0
2010	2	19	0	0	0	0	0
2010	2	20	0	0	0	0	0
2010	2	21	0	0	0	0	0
2010	2	22	0	0	0	0	0
2010	2	23	0	0	0	0	0
2010	2	24	0	0	0	0	0
2010	2	25	4	7	8.5	6.5	6.5
2010	2	26	1	1.5	1.5	1.3	1.3
2010	2	27	0	0	0	0	0
2010	2	28	3	5	4	4	4
2010	3	1	0.5	0.5	0.5	0.5	0.5
2010	3	2	15	14.5	16	15.2	15.2
2010	3	3	11.5	20	17.5	16.3	16.3
2010	3	4	0	0.5	0.5	0.3	0.3
2010	3	5	7.5	14.5	18.5	13.5	13.5
2010	3	6	0	2	3.5	1.8	1.8
2010	3	7	0	9	4.5	4.5	4.5
2010	3	8	0	0	0	0	0
2010	3	9	0	2.5	2.5	1.7	1.7
2010	3	10	0	0	0	0	0
2010	3	11	0	0	0	0	0
2010	3	12	0	0	0	0	0
2010	3	13	0	0	0	0	0
2010	3	14	3.5	4	4	3.8	3.8
2010	3	15	1	3	5	3	3
2010	3	16	0	0	0	0	0
2010	3	17	0	0	0	0	0
2010	3	18	0	0	0	0	0
2010	3	19	0	0	0	0	0
2010	3	20	0	0	0	0	0
2010	3	21	0	0	0	0	0
2010	3	22	3.5	5	3.5	4	4
2010	3	23	15	21.5	24	20.2	20.2
2010	3	24	3	5	8.5	5.5	5.5
2010	3	25	0	0	0	0	0
2010	3	26	0	0	0	0	0
2010	3	27	0.5	1	0	0.5	0.5
2010	3	28	0	0	0	0	0
2010	3	29	0	0	0	0	0
2010	3	30	2.5	3	2.5	2.7	2.7
2010	3	31	19.5	23.5	29.5	24.2	24.2
2010	4	1	10.5	19	24.5	18	18
2010	4	2	0	0	0	0	0
2010	4	3	0	0	0	0	0
2010	4	4	0	0	0	0	0
2010	4	5	0	0	0	0	0
2010	4	6	0	0	0	0	0
2010	4	7	0	0	0	0	0
2010	4	8	0	0	0	0	0
2010	4	9	0	0	0	0	0
2010	4	10	0	0	0	0	0
2010	4	11	16	23	23	20.7	20.7
2010	4	12	8.5	13	11.5	11	11
2010	4	13	0.5	0.5	1.5	0.8	0.8
2010	4	14	2.5	6	4	4.2	4.2
2010	4	15	0	0	0.5	0.2	0.2
2010	4	16	0	0	0	0	0
2010	4	17	0	0	0	0	0
2010	4	18	20	14.5	17	17.2	17.2
2010	4	19	18	17.5	14.5	16.7	16.7
2010	4	20	4	3	2	3	3
2010	4	21	10.5	16.5	21.5	16.2	16.2
2010	4	22	0	0.5	1	0.5	0.5
2010	4	23	0	0	0	0	0
2010	4	24	0	0	0	0	0
2010	4	25	8.5	10	10	9.5	9.5
2010	4	26	0.5	1	1	0.8	0.8
2010	4	27	0	0	0	0	0
2010	4	28	1	1.5	1	1.2	1.2
2010	4	29	0	0	0	0	0
2010	4	30	0	0	0	0	0
2010	5	1	0	0	0	0	0
2010	5	2	0	0	0	0	0
2010	5	3	0	0	0	0	0
2010	5	4	6.5	5	6.5	6	6
2010	5	5	11	11	8	10	10
2010	5	6	0	0	0	0	0
2010	5	7	0	0	0	0	0
2010	5	8	1	2	3.5	2.2	2.2
2010	5	9	0	0	0	0	0
2010	5	10	0	0	0	0	0
2010	5	11	0	0	0	0	0
2010	5	12	0	0	0	0	0
2010	5	13	1	0.5	1	0.8	0.8
2010	5	14	0	0	0	0	0
2010	5	15	0	0	0	0	0
2010	5	16	7	2.5	6	5.2	5.2
2010	5	17	5	3	5.5	4.5	4.5
2010	5	18	0	0	0	0	0
2010	5	19	0	0	0	0	0
2010	5	20	0	0	0	0	0
2010	5	21	36	53.5	43	44.2	44.2
2010	5	22	3.5	5	16.5	8.3	8.3
2010	5	23	0	0.5	0	0.2	0.2
2010	5	24	0	0	0	0	0
2010	5	25	0	0	0	0	0
2010	5	26	0	0	0	0	0
2010	5	27	0.5	0.5	0	0.3	0.3
2010	5	28	0.5	0.5	1.5	0.8	0.8
2010	5	29	0	0	0	0	0
2010	5	30	1	2.5	0	1.2	1.2
2010	5	31	0	0.5	0	0.2	0.2
2010	6	1	0	0	0	0	0
2010	6	2	0	0	0	0	0
2010	6	3	0	0	0	0	0
2010	6	4	0	0	0	0	0
2010	6	5	0	0	0	0	0
2010	6	6	0	0	0	0	0
2010	6	7	0	0	0	0	0
2010	6	8	35.5	31	40	35.5	35.5
2010	6	9	25	28	28.5	27.2	27.2
2010	6	10	0	0	2	0.7	0.7
2010	6	11	0	0	0	0	0
2010	6	12	0	0	0	0	0
2010	6	13	0	0	0	0	0
2010	6	14	0	0	0	0	0
2010	6	15	0	0	0	0	0
2010	6	16	0	0	0	0	0
2010	6	17	0	0	0	0	0
2010	6	18	0	0	0	0	0
2010	6	19	0	0	0	0	0
2010	6	20	0	0	0	0	0
2010	6	21	0	0	0	0	0
2010	6	22	0	0	0	0	0
2010	6	23	0	0	0	0	0
2010	6	24	0	0	0	0	0
2010	6	25	0	0	0	0	0
2010	6	26	0	0	0	0	0
2010	6	27	0	0	0	0	0
2010	6	28	0	0	0	0	0
2010	6	29	0	0	24	8	8
2010	6	30	0	0	0	0	0
2010	7	1	0	0	0	0	0
2010	7	2	4	0	4	2.7	2.7
2010	7	3	9.5	10.5	35	18.3	18.3
2010	7	4	4.5	2	20.5	9	9
2010	7	5	1	1.5	16.5	6.3	6.3
2010	7	6	0	0	0	0	0
2010	7	7	0	0	0	0	0
2010	7	8	0	0.5	0	0.2	0.2
2010	7	9	6.5	0	0	2.2	2.2
2010	7	10	6.5	5	8.5	6.7	6.7
2010	7	11	0.5	0	3	1.2	1.2
2010	7	12	115	110	144.5	123.2	123.2
2010	7	13	0.5	0.5	0.5	0.5	0.5
2010	7	14	0	0	0	0	0
2010	7	15	1.5	1	0	0.8	0.8
2010	7	16	6.5	12.5	27.5	15.5	15.5
2010	7	17	0	0	0	0	0
2010	7	18	4	7.5	0.5	4	4
2010	7	19	0	0	0	0	0
2010	7	20	0.5	1	32	11.2	11.2
2010	7	21	3.5	3	3	3.2	3.2
2010	7	22	6	3	2.5	3.8	3.8
2010	7	23	0	0	0	0	0
2010	7	24	0	0	19	6.3	6.3
2010	7	25	0	0	0	0	0
2010	7	26	0	0	0	0	0
2010	7	27	0	0	0	0	0
2010	7	28	0	0	0	0	0
2010	7	29	0	0	0	0	0
2010	7	30	0	0	0	0	0
2010	7	31	0	0	0	0	0
2010	8	1	0	0	0	0	0
2010	8	2	0	0	0	0	0
2010	8	3	0	0	0	0	0
2010	8	4	0	0	0	0	0
2010	8	5	0	0	0	0	0
2010	8	6	0	0	0.5	0.2	0.2
2010	8	7	0	0	0	0	0
2010	8	8	0	0	0	0	0
2010	8	9	0	0	0	0	0
2010	8	10	0	0	0	0	0
2010	8	11	0	0	0	0	0
2010	8	12	0	0	0	0	0
2010	8	13	0	0	0	0	0
2010	8	14	16	6	7.5	9.8	9.8
2010	8	15	17	17.5	21.5	18.7	18.7
2010	8	16	27.5	16	36	26.5	26.5
2010	8	17	0	0	0	0	0
2010	8	18	0	0	0	0	0
2010	8	19	0	0	0	0	0
2010	8	20	0	0	0	0	0
2010	8	21	0	0	0	0	0
2010	8	22	0	0.5	0	0.2	0.2
2010	8	23	0	1	0	0.3	0.3
2010	8	24	6.5	6	3	5.2	5.2
2010	8	25	12	6.5	11.5	10	10
2010	8	26	11.5	9.5	8.5	9.8	9.8
2010	8	27	20.5	21.5	25.5	22.5	22.5
2010	8	28	0	0.5	0	0.2	0.2
2010	8	29	0	0	0	0	0
2010	8	30	0	0	0	0	0
2010	8	31	0	0	0	0	0
2010	9	1	0	0	0	0	0
2010	9	2	9	10.5	14.5	11.3	11.3
2010	9	3	24	41.5	49	38.2	38.2
2010	9	4	26.5	19	29	24.8	24.8
2010	9	5	0	0	0	0	0
2010	9	6	0	0	0	0	0
2010	9	7	0	0	0	0	0
2010	9	8	0	0	0	0	0
2010	9	9	0	0	0	0	0
2010	9	10	0	2.5	16	6.2	6.2
2010	9	11	0.5	0.5	1.5	0.8	0.8
2010	9	12	0	0	0	0	0
2010	9	13	4.5	13	7.5	8.3	8.3
2010	9	14	30	28	18	25.3	25.3
2010	9	15	0	0	0	0	0
2010	9	16	0	0	0	0	0
2010	9	17	0	0	0	0	0
2010	9	18	0	0	0	0	0
2010	9	19	0	0	0	0	0
2010	9	20	0	0	0	0	0
2010	9	21	0	0	4	1.3	1.3
2010	9	22	27	30	30	29	29
2010	9	23	0	0	0	0	0
2010	9	24	0	0	0	0	0
2010	9	25	0	0	1	0.3	0.3
2010	9	26	4	5.5	6.5	5.3	5.3
2010	9	27	1	0.5	1.5	1	1
2010	9	28	0.5	1	1.5	1	1
2010	9	29	0.5	0	0.5	0.3	0.3
2010	9	30	0	0	0	0	0
2010	10	1	1	1	1.5	1.2	1.2
2010	10	2	6.5	10.5	9.5	8.8	8.8
2010	10	3	0	0	0	0	0
2010	10	4	0	0	0	0	0
2010	10	5	0	0	0	0	0
2010	10	6	0	0	0	0	0
2010	10	7	0	0	0	0	0
2010	10	8	0	0	0	0	0
2010	10	9	0	0	0	0	0
2010	10	10	0.5	1	0.5	0.7	0.7
2010	10	11	1	3	4	2.7	2.7
2010	10	12	0.5	1	1	0.8	0.8
2010	10	13	2	4.5	4.5	3.7	3.7
2010	10	14	1.5	2	2	1.8	1.8
2010	10	15	0	0.5	0	0.2	0.2
2010	10	16	0	0	0	0	0
2010	10	17	0	0	0	0	0
2010	10	18	0	0	0	0	0
2010	10	19	0	0	0	0	0
2010	10	20	0	0	0	0	0
2010	10	21	0	0	0	0	0
2010	10	22	0	0	0	0	0
2010	10	23	0	0	0	0	0
2010	10	24	0	4.5	3	2.5	2.5
2010	10	25	0.5	0	0.5	0.3	0.3
2010	10	26	0	0.5	0	0.2	0.2
2010	10	27	0	0	0	0	0
2010	10	28	0	0	0	0	0
2010	10	29	0	0	0	0	0
2010	10	30	0	0	0	0	0
2010	10	31	0	0	0	0	0
2010	11	1	0	0	0	0	0
2010	11	2	0	0	0	0	0
2010	11	3	0	0	0	0	0
2010	11	4	0	0	0	0	0
2010	11	5	0	0	0	0	0
2010	11	6	0	0	0	0	0
2010	11	7	0	0	0	0	0
2010	11	8	0	0	0	0	0
2010	11	9	0	0	0	0	0
2010	11	10	0	0	0	0	0
2010	11	11	0	0	0	0	0
2010	11	12	0	0	0	0	0
2010	11	13	0	0	0	0	0
2010	11	14	2.5	5	6.5	4.7	4.7
2010	11	15	0.5	1.5	1.5	1.2	1.2
2010	11	16	0	0	0	0	0
2010	11	17	0	0	0	0	0
2010	11	18	0	0	0	0	0
2010	11	19	0	0	0	0	0
2010	11	20	0	0	0	0	0
2010	11	21	0	0	0	0	0
2010	11	22	0	0	0	0	0
2010	11	23	0	0	0	0	0
2010	11	24	0	0	0	0	0
2010	11	25	0	0	0	0	0
2010	11	26	0	0	0	0	0
2010	11	27	0	0	0	0	0
2010	11	28	0	0	0	0	0
2010	11	29	0	0	0	0	0
2010	11	30	0	0	0	0	0
2010	12	1	0	0	0	0	0
2010	12	2	0	0	0	0	0
2010	12	3	0	0	0	0	0
2010	12	4	0	0	0	0	0
2010	12	5	0	0	0	0	0
2010	12	6	0	0	0	0	0
2010	12	7	0	0	0	0	0
2010	12	8	0	0	0	0	0
2010	12	9	0	0	0	0	0
2010	12	10	0	0	0	0	0
2010	12	11	0	0	0	0	0
2010	12	12	11.5	10.5	10	10.7	10.7
2010	12	13	2	4	5	3.7	3.7
2010	12	14	0	1	1	0.7	0.7
2010	12	15	0	0.5	0.5	0.3	0.3
2010	12	16	0	0	0	0	0
2010	12	17	0	0	0	0	0
2010	12	18	0	0	0	0	0
2010	12	19	0	0	0	0	0
2010	12	20	0	0	0	0	0
2010	12	21	0	0	0	0	0
2010	12	22	0	0	0	0	0
2010	12	23	0	0	0	0	0
2010	12	24	0	0	0	0	0
2010	12	25	0	0	0	0	0
2010	12	26	0	0	0	0	0
2010	12	27	0	0	0	0	0
2010	12	28	0	0	0	0	0
2010	12	29	0	0	0	0	0
2010	12	30	0	1	0	0.3	0.3
2010	12	31	0	0	0	0	0
2011	1	1	0	0	0	0	0
2011	1	2	0	0	0	0	0
2011	1	3	0	0	0	0	0
2011	1	4	0	0	0	0	0
2011	1	5	0	0	0	0	0
2011	1	6	0	0	0	0	0
2011	1	7	0	0	0	0	0
2011	1	8	0	0	0	0	0
2011	1	9	0	0	0	0	0
2011	1	10	0	0	0	0	0
2011	1	11	0	0	0	0	0
2011	1	12	0	0	0	0	0
2011	1	13	0	0	0	0	0
2011	1	14	0	0	0	0	0
2011	1	15	0	0	0	0	0
2011	1	16	0	0	0	0	0
2011	1	17	0	0	0	0	0
2011	1	18	0	0	0	0	0
2011	1	19	0	1	0.5	0.5	0.5
2011	1	20	0	0.5	1.5	0.7	0.7
2011	1	21	0.5	4	3.5	2.7	2.7
2011	1	22	0	0	0.5	0.2	0.2
2011	1	23	0	0	0	0	0
2011	1	24	0	0	0	0	0
2011	1	25	0	0	0	0	0
2011	1	26	0	0	0	0	0
2011	1	27	0	2	1.5	1.2	1.2
2011	1	28	0	4.5	4.5	3	3
2011	1	29	0	0.5	0.5	0.3	0.3
2011	1	30	0	0.5	0	0.2	0.2
2011	1	31	0	0	0	0	0
2011	2	1	0	0	0	0	0
2011	2	2	0	0	0	0	0
2011	2	3	0	0	0	0	0
2011	2	4	0	0	0	0	0
2011	2	5	0	0	0	0	0
2011	2	6	0	0	0	0	0
2011	2	7	0	0	0	0	0
2011	2	8	0	0	0	0	0
2011	2	9	0	2.5	3.5	2	2
2011	2	10	0	4	2.5	2.2	2.2
2011	2	11	0	0	0	0	0
2011	2	12	0	0	0	0	0
2011	2	13	0	0.5	0.5	0.3	0.3
2011	2	14	0	0	0	0	0
2011	2	15	0	0	0	0	0
2011	2	16	0	0	0	0	0
2011	2	17	0	0	0	0	0
2011	2	18	0	0	0	0	0
2011	2	19	0	0	0	0	0
2011	2	20	0	0	0	0	0
2011	2	21	0	0	0	0	0
2011	2	22	0	0	0	0	0
2011	2	23	0	0	0	0	0
2011	2	24	0	0	0	0	0
2011	2	25	0	0	0	0	0
2011	2	26	4.5	4.5	8	5.7	5.7
2011	2	27	0.5	0.5	0.5	0.5	0.5
2011	2	28	1.5	3.5	3.5	2.8	2.8
2011	3	1	1	1	1.5	1.2	1.2
2011	3	2	0	0	0	0	0
2011	3	3	0	0	0	0	0
2011	3	4	0	0	0	0	0
2011	3	5	0	0	0	0	0
2011	3	6	0	0	0	0	0
2011	3	7	0	0	0	0	0
2011	3	8	0	0	0	0	0
2011	3	9	0	0	0	0	0
2011	3	10	0	0	0	0	0
2011	3	11	0	0	0	0	0
2011	3	12	0	0	0	0	0
2011	3	13	0	0	0	0	0
2011	3	14	0	0	0	0	0
2011	3	15	0	0	0	0	0
2011	3	16	0	0	0	0	0
2011	3	17	0	0	0	0	0
2011	3	18	0	0	0	0	0
2011	3	19	0	0	0	0	0
2011	3	20	3	7	7.5	5.8	5.8
2011	3	21	15	25	22.5	20.8	20.8
2011	3	22	1	1	2	1.3	1.3
2011	3	23	0	0	0	0	0
2011	3	24	0	0	0	0	0
2011	3	25	0	0	0	0	0
2011	3	26	0	0	0	0	0
2011	3	27	0	0	0	0	0
2011	3	28	0	0	0	0	0
2011	3	29	0	0	0	0	0
2011	3	30	0	0	0	0	0
2011	3	31	0	0	0	0	0
2011	4	1	0	0	0	0	0
2011	4	2	0.5	2	1.5	1.3	1.3
2011	4	3	0.5	1.5	1.5	1.2	1.2
2011	4	4	0	0	0	0	0
2011	4	5	0	0	0	0	0
2011	4	6	3.5	5	4.5	4.3	4.3
2011	4	7	0	0	0	0	0
2011	4	8	0	0	0	0	0
2011	4	9	0	0	0	0	0
2011	4	10	0	0	0	0	0
2011	4	11	0	0	0	0	0
2011	4	12	0	0	0	0	0
2011	4	13	0	0	0	0	0
2011	4	14	0	0	0	0	0
2011	4	15	0	0	0	0	0
2011	4	16	0	0	0	0	0
2011	4	17	0	0	0	0	0
2011	4	18	0	0	0	0	0
2011	4	19	0	0	0	0	0
2011	4	20	0	0	0	0	0
2011	4	21	0	0	0	0	0
2011	4	22	0	0	0	0	0
2011	4	23	0	0	0	0	0
2011	4	24	0	0	0	0	0
2011	4	25	0	0	0	0	0
2011	4	26	0.5	1	0	0.5	0.5
2011	4	27	1	1	3	1.7	1.7
2011	4	28	0	0	0	0	0
2011	4	29	0	0	0	0	0
2011	4	30	0	0	0	0	0
2011	5	1	0	0	0	0	0
2011	5	2	2.5	5	6.5	4.7	4.7
2011	5	3	0	0.5	0	0.2	0.2
2011	5	4	0	0	0	0	0
2011	5	5	0	0	0	0	0
2011	5	6	0	0	0	0	0
2011	5	7	0	0	0	0	0
2011	5	8	0	0	0	0	0
2011	5	9	0	0	0	0	0
2011	5	10	33.5	16.5	45.5	31.8	31.8
2011	5	11	0	0	0.5	0.2	0.2
2011	5	12	0	0	0	0	0
2011	5	13	0	0	0	0	0
2011	5	14	0	0	0	0	0
2011	5	15	0	0	0	0	0
2011	5	16	0	0	0	0	0
2011	5	17	0	0	0	0	0
2011	5	18	0	0	0	0	0
2011	5	19	0	0	0	0	0
2011	5	20	0	0	0	0	0
2011	5	21	0	0	0	0	0
2011	5	22	4	10	6.5	6.8	6.8
2011	5	23	0	1	0.5	0.5	0.5
2011	5	24	0	0	0	0	0
2011	5	25	0	0	0	0	0
2011	5	26	0	0	0	0	0
2011	5	27	0	0	0	0	0
2011	5	28	0	0	0	0	0
2011	5	29	0	0	0	0	0
2011	5	30	0	0	0	0	0
2011	5	31	0	0	0	0	0
2011	6	1	0	0	0	0	0
2011	6	2	0	0	0	0	0
2011	6	3	0	0	0	0	0
2011	6	4	1	0.5	1	0.8	0.8
2011	6	5	0	0	0	0	0
2011	6	6	14	15.5	23.5	17.7	17.7
2011	6	7	0	0	0	0	0
2011	6	8	0	0	0	0	0
2011	6	9	2.5	2.5	0	1.7	1.7
2011	6	10	8	7.5	4.5	6.7	6.7
2011	6	11	0	0	0	0	0
2011	6	12	0	0	0	0	0
2011	6	13	9	20.5	12	13.8	13.8
2011	6	14	14	14	24.5	17.5	17.5
2011	6	15	0	0.5	0	0.2	0.2
2011	6	16	0	0	0	0	0
2011	6	17	12.5	13.5	17.5	14.5	14.5
2011	6	18	33.5	51.5	43.5	42.8	42.8
2011	6	19	0	0	0	0	0
2011	6	20	0	0	0	0	0
2011	6	21	10.5	11.5	9	10.3	10.3
2011	6	22	0	0.5	0	0.2	0.2
2011	6	23	11	11	6.5	9.5	9.5
2011	6	24	9	13.5	28.5	17	17
2011	6	25	2.5	4	3.5	3.3	3.3
2011	6	26	0	0	0	0	0
2011	6	27	0	0	0	0	0
2011	6	28	1	0.5	0.5	0.7	0.7
2011	6	29	0	0	0	0	0
2011	6	30	0	0	0	0	0
2011	7	1	0	0	0	0	0
2011	7	2	0	0	0	0	0
2011	7	3	0	0	0	0	0
2011	7	4	0	1	2.5	1.2	1.2
2011	7	5	0.5	2	3	1.8	1.8
2011	7	6	2	0	0	0.7	0.7
2011	7	7	0	0	0	0	0
2011	7	8	12	8.5	2.5	7.7	7.7
2011	7	9	0	0	0	0	0
2011	7	10	0	0	0	0	0
2011	7	11	56.5	31.5	61.5	49.8	49.8
2011	7	12	0.5	0.5	0	0.3	0.3
2011	7	13	0.5	1	0	0.5	0.5
2011	7	14	2	5	4	3.7	3.7
2011	7	15	0.5	0.5	0.5	0.5	0.5
2011	7	16	2	3.5	4	3.2	3.2
2011	7	17	15	9.5	16	13.5	13.5
2011	7	18	4.5	4.5	1	3.3	3.3
2011	7	19	1	1	1	1	1
2011	7	20	0	0	0	0	0
2011	7	21	0.5	0.5	0	0.3	0.3
2011	7	22	0	0	0	0	0
2011	7	23	0	0	0	0	0
2011	7	24	0	0	0	0	0
2011	7	25	37	40	25	34	34
2011	7	26	14	1	2.5	5.8	5.8
2011	7	27	24.5	28.5	22	25	25
2011	7	28	0	0	0	0	0
2011	7	29	0	0	0	0	0
2011	7	30	0	0	0	0	0
2011	7	31	0	0	0	0	0
2011	8	1	1.5	2	1.5	1.7	1.7
2011	8	2	21	16.5	41	26.2	26.2
2011	8	3	1	2	4	2.3	2.3
2011	8	4	0	0	0	0	0
2011	8	5	0	0	0	0	0
2011	8	6	0	0	0	0	0
2011	8	7	14	0	0	4.7	4.7
2011	8	8	0	0	18.5	6.2	6.2
2011	8	9	2	0	0	0.7	0.7
2011	8	10	41.5	18	38	32.5	32.5
2011	8	11	7.5	5.5	0.5	4.5	4.5
2011	8	12	0	0	0	0	0
2011	8	13	0	0	71.5	23.8	23.8
2011	8	14	16	2.5	0	6.2	6.2
2011	8	15	0	0	0	0	0
2011	8	16	0	0	0	0	0
2011	8	17	0	0	0	0	0
2011	8	18	4	2.5	8.5	5	5
2011	8	19	1	1.5	10	4.2	4.2
2011	8	20	0	0	0	0	0
2011	8	21	5.5	7.5	13	8.7	8.7
2011	8	22	0.5	1	3.5	1.7	1.7
2011	8	23	22.5	29	25.5	25.7	25.7
2011	8	24	3	6.5	3	4.2	4.2
2011	8	25	14.5	8	14.5	12.3	12.3
2011	8	26	0.5	2.5	2	1.7	1.7
2011	8	27	0	0	0	0	0
2011	8	28	29.5	19.5	5	18	18
2011	8	29	17.5	4.5	20	14	14
2011	8	30	11	18.5	24.5	18	18
2011	8	31	0	0	0.5	0.2	0.2
2011	9	1	0	0	0	0	0
2011	9	2	0	0	0	0	0
2011	9	3	0	0	0	0	0
2011	9	4	0	0	0	0	0
2011	9	5	0	0	0	0	0
2011	9	6	0	0	0	0	0
2011	9	7	2.5	5	1	2.8	2.8
2011	9	8	0	1	0.5	0.5	0.5
2011	9	9	2.5	4.5	5	4	4
2011	9	10	0	0	0	0	0
2011	9	11	0	0	0	0	0
2011	9	12	0	0	0	0	0
2011	9	13	0	0	0	0	0
2011	9	14	0	0	0	0	0
2011	9	15	0	0	0	0	0
2011	9	16	0	0	0	0	0
2011	9	17	0	0	0	0	0
2011	9	18	0	0	0	0	0
2011	9	19	0.5	0.5	0	0.3	0.3
2011	9	20	0	0	0	0	0
2011	9	21	0	0	0	0	0
2011	9	22	0	0	0	0	0
2011	9	23	0	0	0	0	0
2011	9	24	0	0	0	0	0
2011	9	25	0	0	0	0	0
2011	9	26	0	0	0	0	0
2011	9	27	0	0	0	0	0
2011	9	28	0	0	0	0	0
2011	9	29	2.5	4	7	4.5	4.5
2011	9	30	8	9.5	11.5	9.7	9.7
2011	10	1	0	0	0	0	0
2011	10	2	5	5.5	6	5.5	5.5
2011	10	3	0	0	0	0	0
2011	10	4	0	0	0	0	0
2011	10	5	0	0	0	0	0
2011	10	6	0	0	0	0	0
2011	10	7	0	0	0	0	0
2011	10	8	0	0	0	0	0
2011	10	9	0	0	0	0	0
2011	10	10	0	0	0	0	0
2011	10	11	0	0	0	0	0
2011	10	12	4.5	5.5	5.5	5.2	5.2
2011	10	13	0.5	0	0	0.2	0.2
2011	10	14	0	0	0	0	0
2011	10	15	0	0	0	0	0
2011	10	16	0	0	0	0	0
2011	10	17	0	0	0	0	0
2011	10	18	0	0	0	0	0
2011	10	19	0	0	0	0	0
2011	10	20	0	0	0	0	0
2011	10	21	0	0	0	0	0
2011	10	22	0	0	0	0	0
2011	10	23	7	12.5	14	11.2	11.2
2011	10	24	6	9	9	8	8
2011	10	25	0	0	0	0	0
2011	10	26	0	0	0	0	0
2011	10	27	0	0	0	0	0
2011	10	28	6	10	10.5	8.8	8.8
2011	10	29	3	3.5	3	3.2	3.2
2011	10	30	0	0	0	0	0
2011	10	31	0	0.5	0	0.2	0.2
2011	11	1	0	0	0	0	0
2011	11	2	0	0	0	0	0
2011	11	3	1	1	0.5	0.8	0.8
2011	11	4	0	0	0	0	0
2011	11	5	9	15.5	13.5	12.7	12.7
2011	11	6	0	0.5	1	0.5	0.5
2011	11	7	20	2	3	8.3	8.3
2011	11	8	3	4	3	3.3	3.3
2011	11	9	0	0	0	0	0
2011	11	10	0	0	0	0	0
2011	11	11	0	0	0	0	0
2011	11	12	0	0	0	0	0
2011	11	13	0	0	0	0	0
2011	11	14	0	0	0	0	0
2011	11	15	0	0	0	0	0
2011	11	16	0	0	0	0	0
2011	11	17	0	0	0	0	0
2011	11	18	1.5	1.5	3	2	2
2011	11	19	0	0	0	0	0
2011	11	20	0	0	0	0	0
2011	11	21	0	0	0	0	0
2011	11	22	0	0	0	0	0
2011	11	23	0	0	0	0	0
2011	11	24	0	0	0	0	0
2011	11	25	0	0	0	0	0
2011	11	26	0	0	0	0	0
2011	11	27	0	0	0	0	0
2011	11	28	0	0	0	0	0
2011	11	29	0	0.5	1	0.5	0.5
2011	11	30	7	18	22	15.7	15.7
2011	12	1	0	0	0	0	0
2011	12	2	0	0	0	0	0
2011	12	3	0	0	0	0	0
2011	12	4	0	0	0	0	0
2011	12	5	0	0.5	0	0.2	0.2
2011	12	6	2.5	3	4.5	3.3	3.3
2011	12	7	3.5	6.5	9	6.3	6.3
2011	12	8	0	0.5	2	0.8	0.8
2011	12	9	0	0	0	0	0
2011	12	10	0	0	0	0	0
2011	12	11	0	0	0	0	0
2011	12	12	0	0	0	0	0
2011	12	13	0	0	0	0	0
2011	12	14	0	0	0	0	0
2011	12	15	0	0	0	0	0
2011	12	16	0	0	0	0	0
2011	12	17	0	0	0	0	0
2011	12	18	0	0	0	0	0
2011	12	19	0	0	0	0	0
2011	12	20	0	0	0	0	0
2011	12	21	0	0	0	0	0
2011	12	22	0	0	0	0	0
2011	12	23	0	0	0	0	0
2011	12	24	0	0	0	0	0
2011	12	25	0	0	0	0	0
2011	12	26	0	0	0	0	0
2011	12	27	0	0	0	0	0
2011	12	28	0	0	0	0	0
2011	12	29	0	0	0	0	0
2011	12	30	0	0	0	0	0
2011	12	31	0	0	0	0	0
2012	1	1	0	0	0	0	0
2012	1	2	0	0	0	0	0
2012	1	3	0	0	0	0	0
2012	1	4	0	0	0	0	0
2012	1	5	0	0	0	0	0
2012	1	6	0	0	0	0	0
2012	1	7	0	0	0	0	0
2012	1	8	0	0	0	0	0
2012	1	9	0	0	0	0	0
2012	1	10	0	0	0	0	0
2012	1	11	0	0	0	0	0
2012	1	12	0	0	0	0	0
2012	1	13	0	0	0	0	0
2012	1	14	0.5	0.5	1	0.7	0.7
2012	1	15	0	0	0	0	0
2012	1	16	0	0	0	0	0
2012	1	17	0	0.5	0	0.2	0.2
2012	1	18	2.5	4.5	3.5	3.5	3.5
2012	1	19	0	1	0.5	0.5	0.5
2012	1	20	0	0	0	0	0
2012	1	21	0	0	0	0	0
2012	1	22	0	1	3	1.3	1.3
2012	1	23	0	0	0	0	0
2012	1	24	0	0	0	0	0
2012	1	25	0	0	0	0	0
2012	1	26	0	0	0	0	0
2012	1	27	0	0	0	0	0
2012	1	28	2	3.5	3.5	3	3
2012	1	29	0	0	0	0	0
2012	1	30	0	0.5	0.5	0.3	0.3
2012	1	31	0	0	0	0	0
2012	2	1	0	0	0	0	0
2012	2	2	0	0	0	0	0
2012	2	3	0	0	0	0	0
2012	2	4	0	0	0	0	0
2012	2	5	2	1.5	2	1.8	1.8
2012	2	6	2	1.5	2	1.8	1.8
2012	2	7	0	0	0	0	0
2012	2	8	0	0	0	0	0
2012	2	9	0	0	0	0	0
2012	2	10	0.5	1.5	0.5	0.8	0.8
2012	2	11	0	0	0	0	0
2012	2	12	1.5	2.5	3	2.3	2.3
2012	2	13	5.5	6.5	4	5.3	5.3
2012	2	14	5	6.5	8	6.5	6.5
2012	2	15	6	10.5	9	8.5	8.5
2012	2	16	0	0.5	0	0.2	0.2
2012	2	17	0	0	0	0	0
2012	2	18	0	0	0	0	0
2012	2	19	0	0	0	0	0
2012	2	20	0	0	0	0	0
2012	2	21	1	0.5	1	0.8	0.8
2012	2	22	4.5	6.5	12.5	7.8	7.8
2012	2	23	0	0	0	0	0
2012	2	24	0	0	0	0	0
2012	2	25	0	0	0	0	0
2012	2	26	0	0	0	0	0
2012	2	27	0	0	0	0	0
2012	2	28	0	0	0	0	0
2012	2	29	3	3.5	3.5	3.3	3.3
2012	3	1	0	0.5	0	0.2	0.2
2012	3	2	0	0	0	0	0
2012	3	3	0.5	0.5	1	0.7	0.7
2012	3	4	5	6.5	9.5	7	7
2012	3	5	0.5	0.5	1	0.7	0.7
2012	3	6	0	0	0	0	0
2012	3	7	2.5	3	2.5	2.7	2.7
2012	3	8	2	2.5	3.5	2.7	2.7
2012	3	9	0	0	0	0	0
2012	3	10	0	0	0	0	0
2012	3	11	0	0	0	0	0
2012	3	12	0	0	0	0	0
2012	3	13	0	0	0	0	0
2012	3	14	0	0	0	0	0
2012	3	15	8.5	8.5	8	8.3	8.3
2012	3	16	0	0	0	0	0
2012	3	17	0	0	0.5	0.2	0.2
2012	3	18	0	0	0	0	0
2012	3	19	10	11	9	10	10
2012	3	20	0.5	1.5	0.5	0.8	0.8
2012	3	21	0	0	0	0	0
2012	3	22	22.5	27.5	30.5	26.8	26.8
2012	3	23	1	1.5	2	1.5	1.5
2012	3	24	0	0	0	0	0
2012	3	25	0	0	0	0	0
2012	3	26	0	0	0	0	0
2012	3	27	0	0	0	0	0
2012	3	28	0	0	0	0	0
2012	3	29	0	0	0	0	0
2012	3	30	5.5	7.5	10	7.7	7.7
2012	3	31	0	0	0	0	0
2012	4	1	0	0	0	0	0
2012	4	2	2	3	2.5	2.5	2.5
2012	4	3	0	0	0	0	0
2012	4	4	0	0	0	0	0
2012	4	5	0	0	0	0	0
2012	4	6	0	0	0	0	0
2012	4	7	0	0	0	0	0
2012	4	8	0	0	0	0	0
2012	4	9	4.5	4	4.5	4.3	4.3
2012	4	10	3	2	2.5	2.5	2.5
2012	4	11	0.5	0	0	0.2	0.2
2012	4	12	2.5	8	3.5	4.7	4.7
2012	4	13	0	0	0.5	0.2	0.2
2012	4	14	0	0	0	0	0
2012	4	15	0	0	0	0	0
2012	4	16	0	0	0	0	0
2012	4	17	0	0	0	0	0
2012	4	18	0	0	0	0	0
2012	4	19	0	0	0	0	0
2012	4	20	2	4.5	3.5	3.3	3.3
2012	4	21	0	0	0	0	0
2012	4	22	0	0	0	0	0
2012	4	23	0	0	0	0	0
2012	4	24	26.5	30	6	20.8	20.8
2012	4	25	4	3.5	9	5.5	5.5
2012	4	26	0	0	0	0	0
2012	4	27	0	0	0	0	0
2012	4	28	0	0	0	0	0
2012	4	29	2	0	1	1	1
2012	4	30	3.5	2.5	4	3.3	3.3
2012	5	1	26.5	23	9	19.5	19.5
2012	5	2	0	0	0	0	0
2012	5	3	0	0	0	0	0
2012	5	4	0	0	0	0	0
2012	5	5	0	0	0	0	0
2012	5	6	0	0	0	0	0
2012	5	7	37	30.5	58.5	42	42
2012	5	8	1.5	1.5	13	5.3	5.3
2012	5	9	0	0	0.5	0.2	0.2
2012	5	10	0	0	0	0	0
2012	5	11	0	0	0	0	0
2012	5	12	0	0	0	0	0
2012	5	13	0	0	0	0	0
2012	5	14	4.5	5.5	17	9	9
2012	5	15	2	0	0	0.7	0.7
2012	5	16	0	0	0	0	0
2012	5	17	0	0	0.5	0.2	0.2
2012	5	18	0	0	0	0	0
2012	5	19	4	4	4.5	4.2	4.2
2012	5	20	0	0	0	0	0
2012	5	21	0	0	0	0	0
2012	5	22	0.5	0.5	0.5	0.5	0.5
2012	5	23	0	0	0	0	0
2012	5	24	2	3	1.5	2.2	2.2
2012	5	25	0	0	1.5	0.5	0.5
2012	5	26	5	0.5	2.5	2.7	2.7
2012	5	27	0	0	0	0	0
2012	5	28	0	0	0	0	0
2012	5	29	9	8	13	10	10
2012	5	30	0	0	1.5	0.5	0.5
2012	5	31	0	0	0	0	0
2012	6	1	0	0	0	0	0
2012	6	2	0	0	0	0	0
2012	6	3	0	0	0	0	0
2012	6	4	0	0	0	0	0
2012	6	5	0	0	0	0	0
2012	6	6	5.5	4.5	8	6	6
2012	6	7	0	0	1	0.3	0.3
2012	6	8	0.5	0.5	0.5	0.5	0.5
2012	6	9	0	0	0	0	0
2012	6	10	0	0	0	0	0
2012	6	11	0	0	0	0	0
2012	6	12	0	0	0	0	0
2012	6	13	26.5	22.5	0	16.3	16.3
2012	6	14	0	0	0	0	0
2012	6	15	0	0	0	0	0
2012	6	16	0	0	0	0	0
2012	6	17	0	0	0	0	0
2012	6	18	0	0	0	0	0
2012	6	19	0	0	0	0	0
2012	6	20	0	0	0	0	0
2012	6	21	0	0	0	0	0
2012	6	22	0	0	0	0	0
2012	6	23	0	0	0	0	0
2012	6	24	0	0	0	0	0
2012	6	25	0	0	0	0	0
2012	6	26	1	0.5	1	0.8	0.8
2012	6	27	62.5	58	66	62.2	62.2
2012	6	28	4	0.5	0	1.5	1.5
2012	6	29	1	2.5	1.5	1.7	1.7
2012	6	30	0	0	0	0	0
2012	7	1	0	0.5	6	2	2.5
2012	7	2	1	7	1	3	3
2012	7	3	21.5	22	0.5	6.5	17
2012	7	4	0	0	0	0	0.5
2012	7	5	0	0	0	0	0
2012	7	6	0	0	0	0	0
2012	7	7	0	0	0	0	0
2012	7	8	0	0	0	0	0
2012	7	9	0	0	0	0	0
2012	7	10	1	0	0	0	0
2012	7	11	0	0	3.5	0	0
2012	7	12	11	13.5	7.5	10	10
2012	7	13	12	5	30	30	24
2012	7	14	30	40.5	35	56.5	47.5
2012	7	15	0	0	0	0	0
2012	7	16	0	0	0	0	0
2012	7	17	0	0	0	0	0
2012	7	18	0	0	0	0	0
2012	7	19	0	0	0	0	0
2012	7	20	0	0	0	0	0
2012	7	21	0	0	0	0	0
2012	7	22	0	0	0	0	0
2012	7	23	0	0	0	0	0
2012	7	24	0	0	0	0	0
2012	7	25	0	0	0	0	0
2012	7	26	0	0	0	0	0
2012	7	27	0	0	0	0	0
2012	7	28	0	0	0	0	0
2012	7	29	0	0	0	0	0
2012	7	30	0	0	0	0	0
2012	7	31	0	0	0	0	0
2012	8	1	0	0	0	0	0
2012	8	2	0	0	0	0	0
2012	8	3	1.5	1.5	4	2.5	7
2012	8	4	0	0	0	0	0
2012	8	5	0	0	0	0	0
2012	8	6	0	0	0	0	0
2012	8	7	0	0	0	0	0
2012	8	8	0	6.5	4	2	2
2012	8	9	51.5	79	104	73	73
2012	8	10	7.5	6.5	8	6	4
2012	8	11	47.5	24	3.5	3	6.5
2012	8	12	0	1.5	0	0	0
2012	8	13	0	0	0	0	0
2012	8	14	15	9	0	28	5
2012	8	15	0	0	0	0	0
2012	8	16	0	0	0	0	0
2012	8	17	0	0	0	0	0
2012	8	18	0	0	0	0	0
2012	8	19	0	0	0	0	0
2012	8	20	53.5	60.5	150	54.5	53.5
2012	8	21	12	82	9.5	19	6
2012	8	22	0	0	0.5	0	0
2012	8	23	0	0	0	0	0
2012	8	24	0	0	0	0	0
2012	8	25	0	0	0	0	0
2012	8	26	0	0	0	0	0
2012	8	27	4	2	5.5	9	4
2012	8	28	0	0	3	0.5	5
2012	8	29	0	0	0	0	0
2012	8	30	0	0	0	0	0
2012	8	31	0	0	0	0	0
2012	9	1	0	0	0	0	0
2012	9	2	8	12.5	4.5	87.5	21
2012	9	3	35	41	34.5	46.5	0
2012	9	4	0	0	0	0	0
2012	9	5	0	0	0	0	0
2012	9	6	0	0	0	0	0.5
2012	9	7	3.5	2.5	1.5	2.5	2.5
2012	9	8	35.5	39	24.5	26.5	33
2012	9	9	1.5	3	3	3	3
2012	9	10	0	0	0	0	0
2012	9	11	4	2	17	13	8.5
2012	9	12	4	0	0	0	0
2012	9	13	3	3.5	5	3.5	4.5
2012	9	14	0	0	0	0	0
2012	9	15	0	0	0	0	0
2012	9	16	0	0	0	0	0
2012	9	17	0	0	0	0	0
2012	9	18	0	0	0	0	0
2012	9	19	0	0	0	0	0
2012	9	20	0	0	0	0	0
2012	9	21	1	0.5	2	2.5	2.5
2012	9	22	0	0	0	0	0
2012	9	23	0	0	0	0	0
2012	9	24	0	0	0	0	0
2012	9	25	0	0	0	0	0
2012	9	26	0	0	0	0	0
2012	9	27	0	0	0	0	0
2012	9	28	0	0	0	0	0
2012	9	29	0	0	0	0	0
2012	9	30	0	0	0	0	0
2012	10	1	0	0	0	0	0
2012	10	2	0	0	0	0	0
2012	10	3	0	0	0	0	0
2012	10	4	0	0	0	0	0
2012	10	5	0	0	0	0	0
2012	10	6	0	0	0	0	0
2012	10	7	0	0	0	0	0
2012	10	8	0	0	0	0	0
2012	10	9	0	0	0	0	0
2012	10	10	0	0	0	0	0
2012	10	11	0	0	0	0	0
2012	10	12	0	0	0	0	0
2012	10	13	0	0	0	0	0
2012	10	14	0	0	0	0	0
2012	10	15	0	0	0	0	0
2012	10	16	12	14	17.5	16	20
2012	10	17	0	0	0	0	0
2012	10	18	0	0	0	0	0
2012	10	19	0	0	0	0	0
2012	10	20	0	0	0	0	0
2012	10	21	0	0.5	0	0.5	0
2012	10	22	6.5	7	6.5	9.5	8
2012	10	23	0	0	0	0	0
2012	10	24	0	0	0	0	0
2012	10	25	0	0	0	0.5	0
2012	10	26	23.5	24.5	9.5	23.5	12.5
2012	10	27	0	1	0.5	0.5	1
2012	10	28	0	0	0	0	0
2012	10	29	9.5	12.5	12.5	13	14
2012	10	30	0.5	0	1	0.5	0.5
2012	10	31	0	0	0	0	0
2012	11	1	0	0	0	0	0
2012	11	2	0	0	0	0	0
2012	11	3	3	3.5	4.5	5	5
2012	11	4	0	0	0	0	0
2012	11	5	0	0	0	0	0
2012	11	6	0	0	0	0	0
2012	11	7	0	0	0	0	0
2012	11	8	0	0	0	0	0
2012	11	9	4.5	5	7	5	5
2012	11	10	3	4	2	3.5	2.5
2012	11	11	0	0	0	0	0
2012	11	12	0	0	0	0	0
2012	11	13	0	0	0	0	0
2012	11	14	0	0	0	0	0
2012	11	15	0	0	0	0	0
2012	11	16	0	0	0	0.5	0.5
2012	11	17	0	0	0	0	0
2012	11	18	0	0	0	0	0
2012	11	19	0	0	0	0	0
2012	11	20	0.5	0.5	0.5	0.5	0
2012	11	21	3	3.5	4.5	3	4
2012	11	22	2	5	5.5	4.5	4
2012	11	23	0.5	0	1	0.5	1
2012	11	24	0	0	0	0	0
2012	11	25	6	7	4.5	6.5	7.5
2012	11	26	0	0	0	0	0
2012	11	27	0.5	0	0	0.5	0
2012	11	28	0	0	0	0	0
2012	11	29	0.5	1	0.5	1	1.5
2012	11	30	0	0.5	0	0	0
2012	12	1	5	7.5	6.5	6.5	6.5
2012	12	2	0	0.5	0.5	0.5	0
2012	12	3	0	0	0	0	0
2012	12	4	0	0	0	0	0
2012	12	5	0	0	0	0	0
2012	12	6	0	0	0	0	0
2012	12	7	0	0	0	0	0
2012	12	8	0	0	0	0	0
2012	12	9	0	0	0	0	0
2012	12	10	0	0	0	0	0
2012	12	11	0	0	0	0	0
2012	12	12	0	0	0	0	0
2012	12	13	11	13	5	8.5	12
2012	12	14	9	12	10.5	13	13
2012	12	15	0	1	1	0.5	1
2012	12	16	0	0.5	1	1	1
2012	12	17	0.5	0.5	0.5	0.5	0.5
2012	12	18	0	0	0	0.5	0
2012	12	19	0	0	0	0	0
2012	12	20	5	6	6	5.5	7
2012	12	21	0	0.5	0.5	0.5	1
2012	12	22	0	0.5	1.5	1.5	2
2012	12	23	0	0	0	0	0
2012	12	24	0	0	0	0	0
2012	12	25	1	0	0	0	0
2012	12	26	1	1.5	2.5	2.5	2
2012	12	27	2.5	10.5	7.5	6	7.5
2012	12	28	0	2	1	3.5	2
2012	12	29	1.5	3.5	7	5.5	6
2012	12	30	0	0	0	0	1
2012	12	31	0	0	0.5	0.5	1
2013	1	1	0	0	0	0.5	0.5
2013	1	2	0	0.5	0	0	0
2013	1	3	0	0	0	0	0
2013	1	4	0.5	0	0	0	0
2013	1	5	0	0	0	0	0
2013	1	6	0	0	0	0	0
2013	1	7	0	0	0	0	0
2013	1	8	0	0	0	0	0
2013	1	9	0	0	0	0	0
2013	1	10	0	0	0	0	0
2013	1	11	0	0	0	0	0
2013	1	12	0	0	0	0	0
2013	1	13	0	0	0	0	0
2013	1	14	0	0	0	0	0
2013	1	15	0	0	0	0	0
2013	1	16	0	0	0	0	0
2013	1	17	0	0	0	0	0
2013	1	18	0	0	0	0	0
2013	1	19	0	0	0	0	0
2013	1	20	1.5	1	1	1	1.5
2013	1	21	1.5	2	3	3.5	4
2013	1	22	0	0	0	0	0
2013	1	23	0	0	0	0	0
2013	1	24	0	0	0	0	0
2013	1	25	0	0	0	0	0.5
2013	1	26	0	0	0	0	0
2013	1	27	0	0	0	0	0
2013	1	28	0.5	0.5	0	0.5	0
2013	1	29	0	0	0	0	0
2013	1	30	3.5	3.5	3.5	4	4
2013	1	31	28	26.5	26.5	26	26
2013	2	1	4	5	7	4.5	6.5
2013	2	2	0	0	0	0	0
2013	2	3	1	4	1	2.5	2
2013	2	4	2	4.5	4.5	2.5	4.5
2013	2	5	0	0.5	1	1	1
2013	2	6	0	0	0.5	0.5	0.5
2013	2	7	0	0	0.5	0	0
2013	2	8	0	0	0	0	0.5
2013	2	9	0	0	0	0	0
2013	2	10	0	0	0	0	0
2013	2	11	0	0	0	0	0
2013	2	12	0	0	0	0	0
2013	2	13	0	0	0	0	0
2013	2	14	0	0	0	0	0
2013	2	15	0	0	0	0	0
2013	2	16	0	0	0	0	0
2013	2	17	0	0	0	0	0
2013	2	18	7.5	14	13.5	12.5	13.5
2013	2	19	2.5	14	17	14	17
2013	2	20	0	0	6	2.5	3.5
2013	2	21	0	0	0	0	0
2013	2	22	0	0	0	0	0
2013	2	23	0	0	0	0	0
2013	2	24	0	0	0	0	0
2013	2	25	0	0	1	0.5	0
2013	2	26	3.5	4.5	5.5	3.5	4
2013	2	27	0	0	0	0	0
2013	2	28	3.5	4.5	2.5	5.5	5
2013	3	1	0.5	2.5	3.5	2.5	2
2013	3	2	0	0	0	0	0
2013	3	3	0	0	0	0	0
2013	3	4	0	0	0	0	0
2013	3	5	0	0	0	0	0
2013	3	6	0	0	0	0	0
2013	3	7	0	0	0	0	0
2013	3	8	0	0	0	0	0
2013	3	9	0	0	0	0	0
2013	3	10	0	0	0	0	0
2013	3	11	0	0	0	0	0
2013	3	12	2	2.5	6.5	3.5	6
2013	3	13	0	0.5	1.5	0.5	1
2013	3	14	0	0	0	0	0
2013	3	15	0	0	0	0	0
2013	3	16	11.5	12	12	9.5	12
2013	3	17	10	13.5	18	14.5	18.5
2013	3	18	0	0	0	0	0
2013	3	19	0	0	0	0	0
2013	3	20	0	0	0.5	0	0
2013	3	21	0	0	0	0	0
2013	3	22	1	2	2.5	2.5	2.5
2013	3	23	0	0	0	0	0
2013	3	24	0	0	0	0	0
2013	3	25	0	0	0	0	0
2013	3	26	0	0	0	0	0
2013	3	27	0	0	0	0	0
2013	3	28	0	0	0	0	0
2013	3	29	0	0	0	0	0
2013	3	30	0	0	0	0	0
2013	3	31	0	0	0	0	0
2013	4	1	0	0	0	0	0
2013	4	2	0	0	0	0	0
2013	4	3	0	0	0	0	0
2013	4	4	0	0	0	0	0
2013	4	5	0	0	0	0	0
2013	4	6	0	0	0.5	0	0.5
2013	4	7	0	0	0	0	0
2013	4	8	0	0	0	0	0
2013	4	9	0	0	0	0	0
2013	4	10	0	0	0	0	0
2013	4	11	0	0	0	0	0
2013	4	12	0	0	0	0	0
2013	4	13	0	0	0	0	0
2013	4	14	0	0	0	0	0
2013	4	15	0	0	0	0	0
2013	4	16	0	0	0	0	0
2013	4	17	0	0	0	0	0
2013	4	18	0	0	0	0	0
2013	4	19	5.5	8	4.5	7	5.5
2013	4	20	0	0.5	0.5	0	0.5
2013	4	21	0	0	0	0	0
2013	4	22	7.5	7	7.5	7	8
2013	4	23	0	0	0	0	0
2013	4	24	0	0	0	0	0
2013	4	25	0	0	0	0	0
2013	4	26	0	0	0	0	0
2013	4	27	0	0	0	0	0
2013	4	28	0	0	0	0	0
2013	4	29	11	12.5	7.5	38	26.5
2013	4	30	1	1.5	1	1	1.5
2013	5	1	0	0	0	0	0
2013	5	2	0	0	0	0	0
2013	5	3	0	0	0	0	0
2013	5	4	0	0	0	0	0
2013	5	5	0	0	0	0	0
2013	5	6	1	1.5	0.5	1.5	1
2013	5	7	2.5	4	5	3	5
2013	5	8	19.5	12.5	10	13.5	10.5
2013	5	9	12	14	25.5	17.5	18.5
2013	5	10	0	0	0	0	0
2013	5	11	0.5	0	0	0	0.5
2013	5	12	0	0	0	0	0
2013	5	13	0	0	0	0	0
2013	5	14	0	0	0	0	0
2013	5	15	0.5	2	0	1	1.5
2013	5	16	1.5	4.5	4.5	5.5	3
2013	5	17	1.5	4	3.5	3.5	3.5
2013	5	18	3.5	3	5	4	4.5
2013	5	19	0	0	0	0	0
2013	5	20	0	0	0	0	0
2013	5	21	0	0	0	0	0
2013	5	22	0	0	0	0	0
2013	5	23	0	0	0	0	0
2013	5	24	0	0	0	0	0
2013	5	25	2	1.5	3.5	3.5	2.5
2013	5	26	50.5	44.5	47.5	39.5	42.5
2013	5	27	0	0	0.5	0	0.5
2013	5	28	0	0	0	0	0
2013	5	29	0.5	2	4.5	2	4
2013	5	30	7	10.5	10	11	16
2013	5	31	0	0	0	0	0
2013	6	1	2.5	3	2	3	3
2013	6	2	0	0	0	0	0
2013	6	3	0	0	0	0	0
2013	6	4	0	0	0	0	0
2013	6	5	0	0	0	0	0
2013	6	6	0	0	0	0	0
2013	6	7	0	6	7.5	3.5	4.5
2013	6	8	0	2.5	2	1.5	2
2013	6	9	0	0	0	0	0
2013	6	10	0	0.5	0	0.5	0.5
2013	6	11	2.5	3.5	6	2	6
2013	6	12	0	0	0	0	0
2013	6	13	0	0	0	0	0
2013	6	14	0	0	0	0	0
2013	6	15	0	0	0	0	0
2013	6	16	0	0	0	0	0
2013	6	17	0	0	0	0	0
2013	6	18	0	0	0	0	0
2013	6	19	1	0	49.5	0	0.5
2013	6	20	0	0	0	0	0
2013	6	21	0	0	0	0	0
2013	6	22	0	0	0	0	0
2013	6	23	2	3	1.5	4	1.5
2013	6	24	0	0.5	0.5	0	0.5
2013	6	25	9.5	15.5	10	0	10.5
2013	6	26	0	0	0	0	0
2013	6	27	0	0.5	0	0	0.5
2013	6	28	0.5	0	0	0	0
2013	6	29	0	0	0	0	0
2013	6	30	0	0	0	0	0
2013	7	1	0	0	0	0	0
2013	7	2	0	0	0	0	0
2013	7	3	0	0	0	0	0
2013	7	4	0	0	0	0	0
2013	7	5	49.5	40.5	80.5	91.5	74
2013	7	6	4	3	17.5	6	7.5
2013	7	7	50.5	35	94	55	66
2013	7	8	0	0	0	0	0.5
2013	7	9	0	0	0	0	0
2013	7	10	0	0	0	0	0
2013	7	11	0	0	0	0	0
2013	7	12	0	0	0	0	0
2013	7	13	0	0	0	0	0
2013	7	14	0	0	0	0	0
2013	7	15	0	0	0.5	0	0.5
2013	7	16	0	2	2.5	0	1.5
2013	7	17	0	0	0	0	0
2013	7	18	0	0	0	0	0
2013	7	19	0	0	0	0	0
2013	7	20	25	11	59	25.5	75.5
2013	7	21	2	22	21	5.5	67
2013	7	22	11.5	8	2	7	4
2013	7	23	0	0	0	0.5	0
2013	7	24	0	0	0	0	0
2013	7	25	0	0	0	0	0
2013	7	26	0	0	0	0	0
2013	7	27	0	0	0	0	0
2013	7	28	0	0	0	0	0
2013	7	29	0	0	0	0.5	0
2013	7	30	6	6	0	28	18
2013	7	31	0	0	2	0	0
2013	8	1	0	0.5	27.5	2	13
2013	8	2	0	0	0	0	0
2013	8	3	0	0	0	0	5.5
2013	8	4	0	0.5	0	0	0
2013	8	5	0	0	0	0	0
2013	8	6	0	0	0	0	0
2013	8	7	0	0	0	0	0
2013	8	8	0	0	0	0	0
2013	8	9	0	0	0	0	0
2013	8	10	0	0	0	0	0
2013	8	11	0	0	0	0	0
2013	8	12	0	0	0	0	0
2013	8	13	0	0	1	0	0
2013	8	14	0	0	0	0	0
2013	8	15	0	0	0	0	0
2013	8	16	0	0	0	0	0
2013	8	17	0	0	0	0	0
2013	8	18	0.5	0	23.5	0	0
2013	8	19	0	1.5	4	2	2
2013	8	20	6.5	1	0	0.5	5.5
2013	8	21	0	0	0	0	0
2013	8	22	3	3	2	3	2.5
2013	8	23	0.5	1	3	0.5	0.5
2013	8	24	5.5	1.5	12.5	6	54
2013	8	25	1.5	3.5	5	4.5	5
2013	8	26	21.5	16.5	13.5	31	41
2013	8	27	0	0	0	0	0
2013	8	28	0	0	0	0	0
2013	8	29	0	0	0	0	0
2013	8	30	0	0	0	0	0
2013	8	31	0	0	0	0	0
2013	9	1	0	0	0	0	0
2013	9	2	0	0	0	0	0
2013	9	3	0	0	0	0	0
2013	9	4	0	0.5	0	0.5	0.5
2013	9	5	12	15.5	19.5	18.5	18
2013	9	6	2.5	3.5	3.5	2.5	3.5
2013	9	7	2.5	2.5	2.5	3	3
2013	9	8	0	0	0	0	0
2013	9	9	0	0	0	0	0
2013	9	10	0	0.5	0	0	0
2013	9	11	57	69.5	47	65.5	56
2013	9	12	0	0	0	0	0
2013	9	13	0	0	0	0	0
2013	9	14	0	0	0	0	0
2013	9	15	0	0	0	0	0
2013	9	16	0	0	0	0	0
2013	9	17	0	0	0	0	0
2013	9	18	0	0	0	0	0
2013	9	19	0	0	0	0	0
2013	9	20	0	0	0	0	0
2013	9	21	0	0	0	0	0
2013	9	22	0	0	0	0	0
2013	9	23	6.5	7	3	5	5.5
2013	9	24	45.5	57	43	45.5	35.5
2013	9	25	0	0	1	1	1
2013	9	26	0	0	0	0	0
2013	9	27	4	3.5	6	7.5	5
2013	9	28	7.5	10.5	11	8	11
2013	9	29	0	0	0	0	0
2013	9	30	0	0	0	0	0
2013	10	1	0	0	0	0	0
2013	10	2	0	0	0	0	0
2013	10	3	0	0	0	0	0
2013	10	4	0	0	0	0	0
2013	10	5	0	0	0	0	0
2013	10	6	0	0	0	0	0
2013	10	7	0	0.5	2	0.5	1
2013	10	8	1.5	2.5	1.5	2.5	2
2013	10	9	0	0	0	0	0
2013	10	10	0	0	0	0	0
2013	10	11	0	0	0	0	0
2013	10	12	0	0	0	0	0
2013	10	13	0	0	0	0	0
2013	10	14	0	0	0	0	0
2013	10	15	0	1	1	2.5	1.5
2013	10	16	0	0	0	0	0
2013	10	17	0	0	0	0	0
2013	10	18	0	0	0	0	0
2013	10	19	0	0	0	0	0
2013	10	20	0	0	0	0	0
2013	10	21	0	0	0	0	0
2013	10	22	0	0	0	0	0
2013	10	23	0	0	0	0	0
2013	10	24	0	0	0	0	0
2013	10	25	0	0	0	0	0
2013	10	26	0	0	0	0	0
2013	10	27	0	0	0	0	0
2013	10	28	0	0	0	0	0
2013	10	29	0	0	0	0	0
2013	10	30	2	6.5	4	2.5	3
2013	10	31	1	1.5	1	1.5	1.5
2013	11	1	0	0	0	0	0
2013	11	2	0	0	0	0	0
2013	11	3	0	0	0	0	0
2013	11	4	0	0	0	0	0.5
2013	11	5	0	0	0	0	0
2013	11	6	0	0	0	0	0
2013	11	7	0	0	0	0	0
2013	11	8	0	0	0	0	0
2013	11	9	12.5	16	9	12.5	8.5
2013	11	10	0.5	1	2.5	2	1.5
2013	11	11	0	0	0	0	0
2013	11	12	0	0	0	0	0
2013	11	13	0	0	0	0	0
2013	11	14	0.5	0.5	0.5	0.5	0.5
2013	11	15	0	0	0	0	0
2013	11	16	0	0	0	0	0
2013	11	17	0	0	0	0	0
2013	11	18	0	0	0	0	0
2013	11	19	0	0	0	0	0
2013	11	20	0	0	0	0	0
2013	11	21	0	0	0	0	0
2013	11	22	0	0	0	0	0
2013	11	23	2	1.5	2	1.5	2
2013	11	24	3.5	4.5	8	7.5	10
2013	11	25	0	0	0	0	0
2013	11	26	0	0	0	0	0
2013	11	27	0	0	0	0	0
2013	11	28	0	0	0	0	0
2013	11	29	0	0	0	0	0
2013	11	30	0	0	0	0	0
2013	12	1	0	0	0	0	0
2013	12	2	0	0	0	0	0
2013	12	3	0	0	0	0	0
2013	12	4	0	0	0	0	0
2013	12	5	0	0	0	0	0
2013	12	6	0	0	0	0	0
2013	12	7	0	0	0	0	0
2013	12	8	0	0	0	0	0
2013	12	9	0	0	0	0	0
2013	12	10	0	0	0	0	0
2013	12	11	0	0	0	0	0
2013	12	12	0	0	0	0	0
2013	12	13	0	0	0	0	0
2013	12	14	0	0	0	0	0
2013	12	15	0	0	0	0	0
2013	12	16	0.5	1	1.5	1.5	1.5
2013	12	17	0	0	0.5	0	0.5
2013	12	18	0	0	0	0	0
2013	12	19	0	0	0	0	0
2013	12	20	0	0	0	0	0
2013	12	21	0	0	0	0	0
2013	12	22	0	0	0	0	0
2013	12	23	0	0	0	0	0
2013	12	24	0	0	0	0	0
2013	12	25	0	0	0	0	0
2013	12	26	0	0	0	0	0
2013	12	27	0	0	0	0	0
2013	12	28	0	0	0	0	0
2013	12	29	0	0	0	0	0
2013	12	30	0	0	0	0	0
2013	12	31	0	0	0	0	0
2014	1	1	0	0	0	0	0
2014	1	2	0	0	0	0	0
2014	1	3	0	0	0	0	0
2014	1	4	0	0	0	0	0.5
2014	1	5	0	0	0	0	0
2014	1	6	0	0	0	0	0
2014	1	7	3	4	5.5	4.5	5.5
2014	1	8	2	4.5	5	5	5
2014	1	9	0	0	0	0	0
2014	1	10	0	0	0	0	0
2014	1	11	0	0	0	0	0
2014	1	12	0	0	0	0	0
2014	1	13	0	0	0	0	0
2014	1	14	0	0	0	0	0
2014	1	15	0	0	0	0	0
2014	1	16	0	0	0	0	0
2014	1	17	0	0	0	0	0
2014	1	18	0	0	0	0	0
2014	1	19	0	0	0	0	0
2014	1	20	0	0	0	0	0
2014	1	21	0	0	0	0	0
2014	1	22	0	0	0	0	0
2014	1	23	0	0	0	0	0
2014	1	24	0	0	0	0	0
2014	1	25	0	0	0	0	0
2014	1	26	0	0	0	0	0
2014	1	27	0	0	0	0	0
2014	1	28	0	0	0	0	0
2014	1	29	9.5	9	11	9.5	0
2014	1	30	0	0	0	0	0
2014	1	31	0	0	0	0	0
2014	2	1	0	0	0	0	0
2014	2	2	0	0	0	0	0
2014	2	3	0	1	2	1	0
2014	2	4	0	0	0	0	0
2014	2	5	0.5	0	14	18.5	0
2014	2	6	8.5	16	20.5	17	0
2014	2	7	0	6.5	5.5	5	0
2014	2	8	0	0	0.5	1	0
2014	2	9	0	0	0	0	0
2014	2	10	0	0.5	0.5	0	0
2014	2	11	0	0	0	0	0
2014	2	12	0	0	0	0	0
2014	2	13	0	6	6.5	5.5	6
2014	2	14	0	0	0	0	0
2014	2	15	0	0	0	0	0
2014	2	16	4.5	6	6.5	6.5	6
2014	2	17	3	7	7.5	7.5	7.5
2014	2	18	0	3.5	5	4.5	5
2014	2	19	0	11	10	6.5	7.5
2014	2	20	0	0	0	0	0
2014	2	21	0	0	0	0	0
2014	2	22	0	0	0	0	0
2014	2	23	0	0	0	0	0
2014	2	24	3	3.5	4	3.5	3.5
2014	2	25	6	7	8	10	9.5
2014	2	26	0	0	0	0	0
2014	2	27	10.5	14	13	13.5	13.5
2014	2	28	8	12	13.5	11	11.5
2014	3	1	1	2.5	2	2	2
2014	3	2	0	0	0	0	0
2014	3	3	0	0	0	0	0
2014	3	4	0	0	0	0	0
2014	3	5	0	0	0	0	0
2014	3	6	0	0	0	0	0
2014	3	7	0	0	0	0	0
2014	3	8	0	0	0	0	0
2014	3	9	0	0	0	0	0
2014	3	10	0	0	0	0	0
2014	3	11	1	1	1	2	1.5
2014	3	12	0	1.5	2	1	1.5
2014	3	13	0	0	0	0	0
2014	3	14	0	0	0	0	0
2014	3	15	0	0	0	0	0
2014	3	16	0	0	0	0	0
2014	3	17	0	0	0	0	0
2014	3	18	0	1.5	0.5	0	1.5
2014	3	19	0	0	1	0	0.5
2014	3	20	0	0	0	0	0
2014	3	21	0	0	0	0	0
2014	3	22	0	0	0	0	0
2014	3	23	0	0	0	0	0
2014	3	24	0.5	1	1	1	1
2014	3	25	9	9.5	8	11	11.5
2014	3	26	0	0	0	0	0.5
2014	3	27	0	0	0	0	0
2014	3	28	0	0	0	0	0
2014	3	29	15	13.5	28	40	20
2014	3	30	0	0	0.5	0	0
2014	3	31	0	0	0	0	0
2014	4	1	0	0	0	0	0
2014	4	2	0	0	0	0	0
2014	4	3	0	0	0	0	0
2014	4	4	0	0	0	0	0
2014	4	5	0	0	0	0	0
2014	4	6	0	0	0	0	0
2014	4	7	0	0	0	0	0
2014	4	8	0	0	0	0	0
2014	4	9	0	0	0	0	0
2014	4	10	0	0	0	0	0
2014	4	11	0	22	43	28	32.5
2014	4	12	4.5	13.5	16.5	14.5	14
2014	4	13	0	0	0	0	0
2014	4	14	0	0	0	0	0
2014	4	15	13.5	12	17	15.5	16.5
2014	4	16	3	1	1	4.5	3
2014	4	17	24	29.5	15	42	42.5
2014	4	18	13	14	7.5	10	9.5
2014	4	19	9.5	16.5	16	6.5	8.5
2014	4	20	0	0	1	0	0
2014	4	21	6.5	7	8.5	9	8.5
2014	4	22	0	0.5	0	0	0
2014	4	23	0	0	0	0	0
2014	4	24	0	0	0	0	0
2014	4	25	1	2	1	1.5	1
2014	4	26	0	0	0	0.5	0.5
2014	4	27	0.5	1.5	2	1.5	2.5
2014	4	28	0	0	0	0	0
2014	4	29	0	0	0	0	0
2014	4	30	0	0	0	0	0
2014	5	1	0	0	0	0	0
2014	5	2	0	0	0	0	0
2014	5	3	0.5	0.5	0	0	0
2014	5	4	0	0.5	0.5	0.5	0.5
2014	5	5	0	0	0	0	0
2014	5	6	0	0	0	0	0
2014	5	7	0	0	0	0	0
2014	5	8	0	0	0	0	0
2014	5	9	0	0	0	0	0
2014	5	10	37	32	29	37.5	31
2014	5	11	7	16.5	20.5	18	21.5
2014	5	12	0	0	0	0	0
2014	5	13	0	0	0	0	0
2014	5	14	0	0	0	0	0
2014	5	15	0	0	0	0	0
2014	5	16	0	0	0	1	1
2014	5	17	1	1.5	0.5	1	2
2014	5	18	0	0	0	0	0
2014	5	19	0	0	0	0	0
2014	5	20	0	0	0	0	0
2014	5	21	0	0	0	0	0
2014	5	22	0	0	0	0	0
2014	5	23	0	0	0	0	0
2014	5	24	0	0	0	1.5	0.5
2014	5	25	0.5	0.5	0	1	1
2014	5	26	0	0	0	0	0
2014	5	27	0	0	0	0	0
2014	5	28	0	0	0	0	0
2014	5	29	0	0	0	0	0
2014	5	30	0	0	0	0	0
2014	5	31	0	0	0.5	0	0.5
2014	6	1	54.5	49.5	28	56	55.5
2014	6	2	0	0	0	0	0
2014	6	3	0	0	0	0	0
2014	6	4	0	0	0	0	0
2014	6	5	0	0	0	0	0
2014	6	6	0	0	0	0	0
2014	6	7	0	0	0	0	0
2014	6	8	0	0	0	0	0
2014	6	9	0	0	0	0	0
2014	6	10	0	0	0	0	0
2014	6	11	0	0	0	0	0
2014	6	12	0	0	0	0	0
2014	6	13	0	0	0	0	0
2014	6	14	0	0	0	0	0
2014	6	15	0.5	7.5	8	8	9
2014	6	16	0	3.5	4.5	3.5	4.5
2014	6	17	9	0.5	0.5	1	0.5
2014	6	18	0	0	0	0	0
2014	6	19	0	0	0	0	0
2014	6	20	0	0	0	0	0
2014	6	21	0	0	0	0	0
2014	6	22	0	0	0	0.5	0
2014	6	23	0	0	0	0	0
2014	6	24	0	0	0	0	0
2014	6	25	23.5	22	15	22	26.5
2014	6	26	33	43.5	35.5	28	32.5
2014	6	27	0	0.5	0	0	0
2014	6	28	0	0	0	0	0
2014	6	29	0	0	0	0	0
2014	6	30	0	0	0	0	0
2014	7	1	5.5	4.5	14	5	6
2014	7	2	3.5	5	10	5.5	7.5
2014	7	3	0	0	0	0	0
2014	7	4	37	38	31.5	33	38.5
2014	7	5	17	18	27	13.5	24
2014	7	6	0	0	0	0	0
2014	7	7	0	0	0	0	0
2014	7	8	0	0	0	0	0
2014	7	9	0	0	0	0	0
2014	7	10	0	0	0	0	0
2014	7	11	0	0	0	0	0
2014	7	12	41	39.5	36	59.5	47.5
2014	7	13	0	0	0	0	0
2014	7	14	0	0	0	0	0
2014	7	15	0	0	0	0	0
2014	7	16	0	0	0	0	0
2014	7	17	1.5	0	0	0	0
2014	7	18	0	0	0	0	0
2014	7	19	0	0	0	1	0
2014	7	20	0	0	0	1	0
2014	7	21	0	0	0	0.5	0
2014	7	22	0	0	0	0	0
2014	7	23	0	0	0	0	0
2014	7	24	85	119.5	79	111.5	72
2014	7	25	1	6	2.5	2	4
2014	7	26	0	0	0	0	0
2014	7	27	3	28.5	40.5	51.5	57.5
2014	7	28	0	0	0	0	0
2014	7	29	0	0	0	0	0
2014	7	30	43.5	19.5	20.5	21	58.5
2014	7	31	0.5	0.5	1	0.5	0.5
2014	8	1	0.5	5	3.5	4.5	14.5
2014	8	2	0	0	1.5	0	0
2014	8	3	0	0	0	0	0
2014	8	4	0	0	0	0	0
2014	8	5	0	0	0.5	0	0
2014	8	6	5.5	10	2	7	43
2014	8	7	0	0	1	9.5	4.5
2014	8	8	0	1	2	2.5	2
2014	8	9	0	0.5	1.5	1	1
2014	8	10	0	1	2	2	2
2014	8	11	0	0	0.5	0	0
2014	8	12	2	2	4.5	2	2.5
2014	8	13	40	72	49.5	61.5	49
2014	8	14	1.5	3.5	6	2	4.5
2014	8	15	0.5	0	1	0	0
2014	8	16	0	2	0.5	0	1
2014	8	17	0.5	0	1	0	0
2014	8	18	0	0	0.5	0	0
2014	8	19	0	0	0	0	0
2014	8	20	0	0	0	0	0
2014	8	21	0	0	0	0	0
2014	8	22	0	0	0	0	0
2014	8	23	0	0	2	0	2.5
2014	8	24	12	8.5	14	9.5	15
2014	8	25	0	0	0	0	0
2014	8	26	0	0	0	0	0
2014	8	27	14	14	18	13	12
2014	8	28	0.5	0.5	0	0	0.5
2014	8	29	2	1.5	0.5	1	0.5
2014	8	30	0.5	0.5	0	2	2
2014	8	31	8.5	9	19.5	10	15.5
2014	9	1	0	0	0	0	0.5
2014	9	2	10	10.5	22	14	10
2014	9	3	0	0	0.5	0	0.5
2014	9	4	0	0	0	0	0
2014	9	5	0	0	0	0	0
2014	9	6	0	0	0.5	0	0
2014	9	7	0	0	0	0	0
2014	9	8	15	11.5	16.5	22.5	19
2014	9	9	0	0.5	0	0	0
2014	9	10	5	20.5	3.5	3	3.5
2014	9	11	5	8.5	2.5	10.5	3
2014	9	12	24	39.5	21.5	46.5	53.5
2014	9	13	0.5	0.5	1.5	1.5	2
2014	9	14	0	0	0.5	0	0
2014	9	15	0	0	0	0	0
2014	9	16	0	0	0	0	0
2014	9	17	0	0	0	0	0
2014	9	18	6.5	10.5	9	9	8.5
2014	9	19	3.5	4	3.5	4	4
2014	9	20	0	0.5	0.5	0	0.5
2014	9	21	0	0	1.5	0	0
2014	9	22	0	0	0	0	0
2014	9	23	0	0	0	0	0
2014	9	24	0	0	0	0	0
2014	9	25	0	0	0	0.5	0
2014	9	26	0	0	2	0	0.5
2014	9	27	1	0.5	0.5	0	0.5
2014	9	28	34.5	28.5	10.5	35.5	8
2014	9	29	0.5	2	1	3	4.5
2014	9	30	0	2	0	0	0
2014	10	1	0	0	0	0	0
2014	10	2	0	0	0	0.5	0
2014	10	3	0	0	0	0	0
2014	10	4	0	0	0	0	0
2014	10	5	0	0	0	0	0
2014	10	6	0	0	0	0	0
2014	10	7	0	0	0	0	0
2014	10	8	0	0	0	0	0
2014	10	9	0	0	0	0	0
2014	10	10	0	0	0	0	0
2014	10	11	0	0	0	0	0
2014	10	12	0	0	0	0	0
2014	10	13	0	0	0	0	0
2014	10	14	0	0	0	0	0
2014	10	15	0	0	0	0	0
2014	10	16	0	0	0	0	0
2014	10	17	0	0	0	0	0
2014	10	18	0	0	0	0	0
2014	10	19	0	0	0	0	0
2014	10	20	0.5	0	0	0	0
2014	10	21	10	10.5	12.5	10	11
2014	10	22	0	0	0.5	0	0
2014	10	23	0	0	0	0	0
2014	10	24	0	0	0	0	0
2014	10	25	0	0	0	0	0
2014	10	26	0	0	0	0	0
2014	10	27	0	0	0	0	0
2014	10	28	0	0	0	0	0
2014	10	29	15	16.5	12.5	13	14
2014	10	30	5	5.5	7	7	7.5
2014	10	31	0.5	1.5	3.5	1.5	2.5
2014	11	1	0	0	0	0	0
2014	11	2	0	0	0.5	0.5	0
2014	11	3	0	0	0	0	0
2014	11	4	0	0	0	0	0
2014	11	5	1.5	1	0	1	1.5
2014	11	6	0	0	0.5	0	0
2014	11	7	1.5	2	1.5	2.5	2
2014	11	8	5.5	8	7	7	7.5
2014	11	9	0	0	0.5	0	0
2014	11	10	0	0	0	0	0
2014	11	11	0	0	0	0	0
2014	11	12	0	0	0	0	0
2014	11	13	0	0	0	0	0
2014	11	14	0	0	0	0	0
2014	11	15	0	0	0	0	0
2014	11	16	0	0	0.5	0	0
2014	11	17	0	0	0	0	0
2014	11	18	0	0	0	0	0
2014	11	19	0	0	0	0	0
2014	11	20	0	0	0	0	0
2014	11	21	0	0	0	0	0
2014	11	22	0	0	0	0	0
2014	11	23	10.5	11.5	7.5	9.5	9.5
2014	11	24	16	32.5	38	28.5	30.5
2014	11	25	3.5	5.5	6.5	6	6.5
2014	11	26	0	0	0	0	0
2014	11	27	17.5	20	20	19.5	19.5
2014	11	28	1	1.5	2	0.5	1
2014	11	29	4	8.5	9	5.5	7.5
2014	11	30	0	0	0.5	0	0
2014	12	1	0	0	0	0.5	0
2014	12	2	0	0	0	0.5	0
2014	12	3	0	0	0	0	0
2014	12	4	0	0	0.5	0	0
2014	12	5	0	0	0.5	0	0
2014	12	6	0	0	0.5	0	0
2014	12	7	0	0	0	0	0
2014	12	8	0	0	0	0	0
2014	12	9	0	0	0	0	0
2014	12	10	0.5	1	0.5	1.5	1.5
2014	12	11	0	0	0	0	0
2014	12	12	0	0	0	0	0
2014	12	13	0	0	0.5	0	0
2014	12	14	0	0	0	0	0
2014	12	15	0	0	0	0	0
2014	12	16	0	0	0	0	0
2014	12	17	0	0	0	0	0
2014	12	18	0	0	0	0	0
2014	12	19	0	0	0	0	0
2014	12	20	0	0	0	0	0
2014	12	21	0	0	0	0	0
2014	12	22	0	0	0	0	0
2014	12	23	0	0	0	0	0
2014	12	24	0	0	0	0	0
2014	12	25	0	0	0	0	0
2014	12	26	0	0	0	0	0
2014	12	27	0	0	0	0	0
2014	12	28	0	0	0	0	0
2014	12	29	0	0	0	0	0
2014	12	30	0	0	0	0	0
2014	12	31	0	0	0	0	0
2015	1	1	0	0	0	0	0
2015	1	2	0	0	0	0	0
2015	1	3	0	0	0	0	0
2015	1	4	0	0	0	0	0
2015	1	5	0	0	0	0	0
2015	1	6	0	0	0.5	0	1
2015	1	7	0	0	0.5	0.5	0
2015	1	8	0	0	0	0	0
2015	1	9	0	0	0.5	0	0
2015	1	10	0	0	0	0	0
2015	1	11	0	0	0	0	0
2015	1	12	0	0	0	0	0
2015	1	13	0	1	0	0.5	1
2015	1	14	0.5	0.5	0.5	0.5	0.5
2015	1	15	0	0	0	0	0
2015	1	16	0	0	0.5	0	0
2015	1	17	0	0	0	0	0
2015	1	18	0	0	0	0	0
2015	1	19	0	0	0	0	0
2015	1	20	0	0	0	0	0
2015	1	21	0	0	0	0	0
2015	1	22	0	0	0	0	0
2015	1	23	0	0	0	0	0
2015	1	24	0	0	0	0	0
2015	1	25	0	0	0	0	0
2015	1	26	0	1	0	0	0
2015	1	27	0.5	4	2	1	3
2015	1	28	1	1.5	3.5	4	1
2015	1	29	0.5	1	1	0.5	2
2015	1	30	0	9.5	9.5	8	10.5
2015	1	31	0	2	1.5	3	2.5
2015	2	1	0	2	3	1	2.5
2015	2	2	0	0	0.5	0	0.5
2015	2	3	0	0	0.5	0	0
2015	2	4	0	0	0.5	0	0
2015	2	5	0	0	0	0	0
2015	2	6	0	0	0	0	0
2015	2	7	0	0	0.5	0	0
2015	2	8	0	0	0.5	0	0
2015	2	9	0	0	0	0	0
2015	2	10	0	0	0	0	0
2015	2	11	0	0	0	0	0
2015	2	12	0	0	0	0	0
2015	2	13	0	0	0	0	0
2015	2	14	0	0	0	0.5	0
2015	2	15	8	8.5	9	4	8.5
2015	2	16	0	0	0.5	0.5	0
2015	2	17	0	0	0	0.5	0.5
2015	2	18	0	0	0	0	0
2015	2	19	1	1	0.5	0	2
2015	2	20	10.5	10.5	8	11	8.5
2015	2	21	0	0	0.5	0	0
2015	2	22	1.5	2	0	1	1
2015	2	23	0	0	0.5	0.5	0.5
2015	2	24	0.5	1	1	0.5	1
2015	2	25	2	1	2	1	2
2015	2	26	0	0	0	0	0
2015	2	27	6	9.5	11.5	9.5	10.5
2015	2	28	2.5	14.5	15.5	12.5	13.5
2015	3	1	0	0	0.5	0.5	0
2015	3	2	0	0	0	0	0
2015	3	3	0	0	0	0	0
2015	3	4	0	0	0	0	0
2015	3	5	0.5	0	0	0	0
2015	3	6	0	0	0	0	0
2015	3	7	0	0	0.5	0	0
2015	3	8	0	0	0	0	0
2015	3	9	0	0	0	0	0
2015	3	10	0	0	0	0	0
2015	3	11	0	0	0	0	0
2015	3	12	0	0	0	0	0
2015	3	13	0	0	0	0	0
2015	3	14	0.5	0.5	1	0	1.5
2015	3	15	1	0.5	1	1	0.5
2015	3	16	0	0	0	0	0.5
2015	3	17	20.5	27.5	40.5	26.5	31
2015	3	18	4.5	6	6.5	5	5
2015	3	19	2	1	4.5	1	0.5
2015	3	20	4.5	5.5	6.5	5	6.5
2015	3	21	0.5	0	0	0.5	0
2015	3	22	0	0	0	0	0
2015	3	23	0	0	0	0	0
2015	3	24	0	0	0	0	0
2015	3	25	0	0	0	0	0
2015	3	26	0	0	0	0	0
2015	3	27	1	0.5	0	0	2
2015	3	28	0	0	0	0	0
2015	3	29	0	0	0	0	0
2015	3	30	0	0	0	0	0
2015	3	31	0	0	0	0	0
2015	4	1	0	0	0	0	0
2015	4	2	3.5	3.5	6.5	5	4.5
2015	4	3	0	0	0	0.5	0
2015	4	4	22.5	19	19	22	18
2015	4	5	23.5	32.5	35.5	30	32
2015	4	6	3.5	4	6.5	4.5	5
2015	4	7	0	0.5	0	0.5	0.5
2015	4	8	0	0	0	0	0
2015	4	9	0	0	0	0	0
2015	4	10	0	0	0	0	0
2015	4	11	0	0	0	0	0
2015	4	12	0	2	0.5	0	0
2015	4	13	0	0	0	0	0
2015	4	14	0	0	0	0	0
2015	4	15	0	0	0	0	0
2015	4	16	0	0	0	0	0
2015	4	17	0	0	0	0	0
2015	4	18	3.5	3.5	1	1.5	3
2015	4	19	13	20.5	23.5	27.5	26
2015	4	20	0	0	0.5	0.5	0.5
2015	4	21	0	0	0	0	0
2015	4	22	0	0	0	0	0
2015	4	23	0	0	0	0	0
2015	4	24	0	0	0	0	0
2015	4	25	0	0	0	0	0
2015	4	26	0	0	0	0	0
2015	4	27	4.5	1	0	0	4
2015	4	28	0	0	0	0	0
2015	4	29	0	0	0	0	0
2015	4	30	0	0	0	0	0
2015	5	1	0	0	0	0	0
2015	5	2	8.5	11	13	6.5	14.5
2015	5	3	0	0	0	0.5	0
2015	5	4	3	3	3	2	5.5
2015	5	5	0	0	0	0.5	0
2015	5	6	0.5	0.5	1.5	0	1.5
2015	5	7	0	0	0	0.5	0
2015	5	8	11.5	0	4	10.5	5
2015	5	9	0	0	0	0	0.5
2015	5	10	0	0	0	0	0
2015	5	11	1	3	3.5	5	4.5
2015	5	12	0	0	0	0	0
2015	5	13	0	0	0	0	0
2015	5	14	0	0	0	0	0
2015	5	15	5	9	7.5	5	11.5
2015	5	16	0	0	0	0	0
2015	5	17	1.5	2	0.5	0	1.5
2015	5	18	1	2.5	2	2	2
2015	5	19	0	0	0	0	0
2015	5	20	0	0	0	0	0
2015	5	21	0	0	0	0	0
2015	5	22	0	0	0	0	0
2015	5	23	0	0	0	0	0
2015	5	24	0	0	0	0	0
2015	5	25	0	0	0	0	0
2015	5	26	0	0	0	0	0
2015	5	27	17.5	18	17.5	9.5	14
2015	5	28	0	0	1.5	0	0
2015	5	29	19.5	22.5	27.5	18.5	22
2015	5	30	0	0	1	0.5	0
2015	5	31	0	0	1	0	0
2015	6	1	0	0	0	0	0
2015	6	2	35.5	36.5	16.5	23	28.5
2015	6	3	0	0	1.5	0	0
2015	6	4	0.5	0.5	1	0.5	1.5
2015	6	5	0	0	0	0	0
2015	6	6	0	0	0	0	0
2015	6	7	0	0	0	0	0
2015	6	8	0	0	0	0	0
2015	6	9	0	0	0	0	0
2015	6	10	0	0	0	0	0
2015	6	11	0	0	0	0	0
2015	6	12	0	0	0	0	0
2015	6	13	0	0	0	0	0
2015	6	14	0	0	0	0	0
2015	6	15	0.5	1	0	0	0.5
2015	6	16	81	81.5	54.5	65	74.5
2015	6	17	28	38	47.5	26.5	37.5
2015	6	18	0	0	1.5	0	0
2015	6	19	0	0	0.5	0	0
2015	6	20	0	0	0	0	0
2015	6	21	1	8.5	0.5	0	2
2015	6	22	0	0	0	0	0
2015	6	23	0	0	0	0	0
2015	6	24	1.5	1	0.5	0	0.5
2015	6	25	4	3.5	1	2.5	7.5
2015	6	26	13	19	13.5	15	18.5
2015	6	27	130.5	147	113.5	120.5	131.5
2015	6	28	12	15.5	4	14.5	11
2015	6	29	0	0.5	0.5	0	0.5
2015	6	30	8	10.5	4.5	8	8.5
2015	7	1	0	0	0.5	0	0
2015	7	2	0	0	0.5	0	0
2015	7	3	0	0	0	0	0
2015	7	4	0	0	0.5	0	0.5
2015	7	5	0	0	0.5	0	0
2015	7	6	8	12.5	10.5	10.5	13.5
2015	7	7	0	0	0.5	0	0
2015	7	8	0.5	0.5	1	0.5	0.5
2015	7	9	25	32	33	25.5	33
2015	7	10	0	0	0.5	0.5	0
2015	7	11	0	0	0	0	0
2015	7	12	0	0	0.5	0	0
2015	7	13	0	0	0	0	0
2015	7	14	0	0	0	0	0
2015	7	15	0	0	0	0	0
2015	7	16	85.5	52	63.5	60.5	64.5
2015	7	17	10.5	20.5	5	7	11.5
2015	7	18	0	0	1.5	0	0.5
2015	7	19	0	1	1	0.5	0.5
2015	7	20	0	0	0.5	0	0
2015	7	21	0	0	22.5	0	0
2015	7	22	0	0	1	0	0
2015	7	23	17	12	13	16	18.5
2015	7	24	25.5	22	35.5	33.5	30.5
2015	7	25	0	0	1.5	0	0
2015	7	26	2	0	0	3	1.5
2015	7	27	0	0	0	0	0
2015	7	28	0	0	0	0	0
2015	7	29	0	0	0	0	0
2015	7	30	0	0	0	0	0
2015	7	31	0	0.5	0	0	0.5
2015	8	1	0.5	0	0	0	0
2015	8	2	0	0	0	0	0
2015	8	3	0	0	0	0	0
2015	8	4	0	0	0	0	0
2015	8	5	0.5	0	0	0	0
2015	8	6	0	0	0	0	0
2015	8	7	0	2	0	0	0
2015	8	8	4.5	3	0	0	0
2015	8	9	2.5	7	13.5	0	16.5
2015	8	10	23.5	56.5	43.5	0	38.5
2015	8	11	0	0	1.5	0	0
2015	8	12	0	0	0	0	0
2015	8	13	0	0	0	0	0
2015	8	14	0	0	0	0	0
2015	8	15	0	0	0	0	0
2015	8	16	0	0	0	0	0
2015	8	17	0	0	0	0	0
2015	8	18	0	0	0	0	0
2015	8	19	4.5	8	2	0	5.5
2015	8	20	0.5	1	2	0	2
2015	8	21	0	0	0.5	0	0
2015	8	22	0	0	0	0	0
2015	8	23	0	0	0	0	0
2015	8	24	0.5	0	0	0	0
2015	8	25	0	0	0	0	0
2015	8	26	0	0	0	0	0
2015	8	27	0	0	0	0	0
2015	8	28	0	0	0	0	0
2015	8	29	0	0	0	0	0
2015	8	30	0	0	0	0	0
2015	8	31	0	0	0	0	0
2015	9	1	0	0	0	0	0
2015	9	2	0	0	0	0	0
2015	9	3	0	0	0	0	0
2015	9	4	21	16.5	10.5	0	17.5
2015	9	5	7.5	6	16.5	0	17.5
2015	9	6	0	0	0	0	0
2015	9	7	0	0	0	0	0
2015	9	8	0	0	0	0	0
2015	9	9	0	0	0	0	0
2015	9	10	0	0	0	1	0
2015	9	11	0	0	0	0	0
2015	9	12	0	0	0	0	0
2015	9	13	0	0	0	0	0
2015	9	14	0	0	0	2	0
2015	9	15	0	0	0.5	0	0
2015	9	16	0	0	0	0	0
2015	9	17	0	0	0	0	0
2015	9	18	0	0	0	0	0
2015	9	19	0	0	0	0	0
2015	9	20	0	0	0	0	0
2015	9	21	0	0	0	0	0
2015	9	22	9	12	0.5	6.5	4.5
2015	9	23	4	4	8	4.5	4.5
2015	9	24	2	3	1.5	2	2
2015	9	25	0	0	0	0	0
2015	9	26	0	0	0	0	0
2015	9	27	0	0	0	0	0
2015	9	28	0	0	0	0	0
2015	9	29	0	0.5	0	0	1
2015	9	30	4	5	1	6	7.5
2015	10	1	3	3	9.5	6	8.5
2015	10	2	0	0	0.5	0	0
2015	10	3	0	0	0	0	0
2015	10	4	0	0	0	0	0
2015	10	5	0	0	0	0	0
2015	10	6	3.5	2.5	0.5	1.5	1.5
2015	10	7	6	6.5	8	6	10
2015	10	8	0	0.5	1.5	0	0.5
2015	10	9	0	0	1	0	0
2015	10	10	0	0	0	0	0
2015	10	11	0	0	0	0	0
2015	10	12	0	0	0	0	0
2015	10	13	0	0	0	0	0
2015	10	14	0	0	0	0	0
2015	10	15	0	0	0	0	0
2015	10	16	0	0	0	0	0
2015	10	17	0	0	0	0	0
2015	10	18	0	0	0	0	0
2015	10	19	0	0	0	0	0
2015	10	20	0	0	0	0	0
2015	10	21	0	0	0	0	0
2015	10	22	0	0	0	0	0
2015	10	23	0	0	0	0	0
2015	10	24	0	0	0	0	0
2015	10	25	0	0	0	0	0
2015	10	26	0	0	5.5	7.5	7.5
2015	10	27	4.5	6	1.5	0.5	0
2015	10	28	1.5	1	0.5	1	1.5
2015	10	29	0	0	0.5	0.5	0.5
2015	10	30	0	0	0.5	0	0
2015	10	31	0	0	0.5	1	0.5
2015	11	1	0	0	0.5	0	0
2015	11	2	0	0	0.5	0	0
2015	11	3	0	0	0	0	0
2015	11	4	0	0	0.5	0	0
2015	11	5	0	0	0	0	0
2015	11	6	8	16	4.5	9.5	3.5
2015	11	7	11.5	27.5	12	7	18
2015	11	8	0	0	0	0	0
2015	11	9	0	0	0.5	0	0
2015	11	10	0	0	0	0	0
2015	11	11	0	0	0	0	0
2015	11	12	9.5	14.5	17	17	15
2015	11	13	0.5	1	2	1.5	1
2015	11	14	0	0	0	0	0
2015	11	15	17	13.5	12.5	17	13.5
2015	11	16	1.5	2	3.5	2.5	3
2015	11	17	9	12	11	14	11
2015	11	18	1.5	9	8	10	9
2015	11	19	1	1.5	1.5	1.5	1.5
2015	11	20	0	0	0	0	0
2015	11	21	0	0	0.5	0.5	0
2015	11	22	4.5	5.5	1.5	1	2
2015	11	23	0.5	2	2.5	3	3.5
2015	11	24	3.5	16.5	14.5	15	12.5
2015	11	25	0	3	4.5	5	5
2015	11	26	0	0	0	0	0.5
2015	11	27	0	0	2.5	0	0
2015	11	28	0	0	0	0	0
2015	11	29	0	0	0	0	0
2015	11	30	0	0	0	0	0
2015	12	1	0	0	0	0	0
2015	12	2	0	0	0	0	0
2015	12	3	0	0	0	0	0
2015	12	4	0	0	0	0	0
2015	12	5	0	0	1	0	0.5
2015	12	6	0	0	0	0	0
2015	12	7	0	0	0	0	0
2015	12	8	0	0	0	0	0
2015	12	9	0	0	0	0.5	0.5
2015	12	10	0	0	0	0	0
2015	12	11	0	0	0	0	0
2015	12	12	0	0	0	0	0
2015	12	13	0	0	0	0	0
2015	12	14	0	0	0	0	0
2015	12	15	0	0	0	0	0
2015	12	16	0	0	0	0	0
2015	12	17	0	0	0	0	0
2015	12	18	0	0	0	0	0
2015	12	19	0	0	0	0	0
2015	12	20	0	0	0	0	0
2015	12	21	0	0	0	0	0
2015	12	22	0	0	0	0	0
2015	12	23	1.5	1.5	0.5	2	3
2015	12	24	0	1	3	1.5	1.5
2015	12	25	0	0	0	0	0
2015	12	26	0.5	0	0	0	0
2015	12	27	0	0	0	0	0
2015	12	28	0	0	0	0	0
2015	12	29	0	0	0	0	0
2015	12	30	0	0	0	0	0
2015	12	31	0	0	0	0	0
