LANDUSE_ID	CODE	LANDUSE_NAME	CN2A	CN2B	CN2C	CN2D	ROOTDEPTH	MANNING	INTERC_MAX	INTERC_MIN	SHC	SOIL_T10	USLE_C	PET_FR	PRC_ST1	PRC_ST2	PRC_ST3	PRC_ST4	PRC_ST5	PRC_ST6	PRC_ST7	PRC_ST8	PRC_ST9	PRC_ST10	PRC_ST11	PRC_ST12	SC_ST1	SC_ST2	SC_ST3	SC_ST4	SC_ST5	SC_ST6	SC_ST7	SC_ST8	SC_ST9	SC_ST10	SC_ST11	SC_ST12	DSC_ST1	DSC_ST2	DSC_ST3	DSC_ST4	DSC_ST5	DSC_ST6	DSC_ST7	DSC_ST8	DSC_ST9	DSC_ST10	DSC_ST11	DSC_ST12
INT	TEXT	TEXT	REAL	REAL	REAL	REAL	REAL	REAL	REAL	REAL	REAL	REAL	REAL	REAL	REAL	REAL	REAL	REAL	REAL	REAL	REAL	REAL	REAL	REAL	REAL	REAL	REAL	REAL	REAL	REAL	REAL	REAL	REAL	REAL	REAL	REAL	REAL	REAL	REAL	REAL	REAL	REAL	REAL	REAL	REAL	REAL	REAL	REAL	REAL	REAL
1	AGRL	Agricultural Land-Generic	67	77	83	87	1000	0.15	1.5	0	50	1	0.2	1	0.23	0.27	0.3	0.33	0.37	0.4	0.43	0.47	0.5	0.53	0.57	0.6	50	47.1	44.2	41.3	38.4	35.5	32.5	29.6	26.7	23.8	20.9	18	3	2.86	2.73	2.59	2.45	2.32	2.18	2.05	1.91	1.77	1.64	1.5
2	AGRR	Agricultural Land-Row Crops	67	78	85	89	1000	0.15	1.5	0	50	1	0.2	1	0.23	0.27	0.3	0.33	0.37	0.4	0.43	0.47	0.5	0.53	0.57	0.6	50	47.1	44.2	41.3	38.4	35.5	32.5	29.6	26.7	23.8	20.9	18	3	2.86	2.73	2.59	2.45	2.32	2.18	2.05	1.91	1.77	1.64	1.5
3	AGRC	Agricultural Land-Close-grown	62	73	81	84	1000	0.15	1.5	0	50	1	0.03	1	0.2128	0.2499	0.2776	0.3054	0.3424	0.3701	0.3979	0.4349	0.4627	0.4904	0.5275	0.5552	54.0323	50.8984	47.7645	44.6306	41.4968	38.3629	35.121	31.9871	28.8532	25.7194	22.5855	19.4516	3.2419	3.0906	2.9502	2.7989	2.6476	2.5071	2.3558	2.2153	2.064	1.9127	1.7723	1.621
4	ORCD	Orchard	45	66	77	83	1000	0.4	2	0.5	300	-2	0.001	1	0.1545	0.1813	0.2015	0.2216	0.2485	0.2687	0.2888	0.3157	0.3358	0.356	0.3828	0.403	74.4444	70.1267	65.8089	61.4911	57.1733	52.8556	48.3889	44.0711	39.7533	35.4356	31.1178	26.8	4.4667	4.2582	4.0647	3.8562	3.6478	3.4542	3.2458	3.0522	2.8438	2.6353	2.4418	2.2333
5	HAY	Hay	31	59	72	79	1000	0.15	2	0.5	200	-1	0.003	1	0.13	0.17	0.2	0.23	0.27	0.3	0.33	0.37	0.4	0.43	0.47	0.5	58	55.1	52.2	49.3	46.4	43.5	40.5	37.6	34.7	31.8	28.9	26	5	4.73	4.45	4.18	3.91	3.64	3.36	3.09	2.82	2.55	2.27	2
6	FRST	Forest-Mixed	36	60	73	79	1500	0.6	3.5	0.5	500	-3	0.001	1	0.03	0.07	0.1	0.13	0.17	0.2	0.23	0.27	0.3	0.33	0.37	0.4	68	65	62	59	56	53	50	47	44	41	38	35	8	7.5	7	6.5	6	5.5	5	4.5	4	3.5	3	2.5
7	FRSD	Forest-Deciduous	45	66	77	83	1500	0.8	5	0.5	400	-3	0.001	1	0.0375	0.0875	0.125	0.1625	0.2125	0.25	0.2875	0.3375	0.375	0.4125	0.4625	0.5	54.4	52	49.6	47.2	44.8	42.4	40	37.6	35.2	32.8	30.4	28	6.4	6	5.6	5.2	4.8	4.4	4	3.6	3.2	2.8	2.4	2
8	FRSE	Forest-Evergreen	25	55	70	77	1500	0.4	2.5	1	600	-3	0.001	1	0.0208	0.0486	0.0694	0.0903	0.1181	0.1389	0.1597	0.1875	0.2083	0.2292	0.2569	0.2778	97.92	93.6	89.28	84.96	80.64	76.32	72	67.68	63.36	59.04	54.72	50.4	11.52	10.8	10.08	9.36	8.64	7.92	7.2	6.48	5.76	5.04	4.32	3.6
9	WETL	Wetlands-Mixed	49	69	79	84	1000	0.2	2.5	0.5	600	-3	0.003	1	0.0795	0.1328	0.1728	0.2128	0.2661	0.306	0.346	0.3993	0.4393	0.4793	0.5326	0.5726	63.7194	60.7734	57.8274	54.8815	51.9355	48.9895	46.004	43.0581	40.1121	37.1661	34.2202	31.2742	12	11.25	10.5	9.75	9	8.25	7.5	6.75	6	5.25	4.5	3.75
10	WETF	Wetlands-Forested	45	66	77	83	1000	0.2	3.5	1	800	-3	0.001	1	0.0375	0.0875	0.125	0.1625	0.2125	0.25	0.2875	0.3375	0.375	0.4125	0.4625	0.5	54.4	52	49.6	47.2	44.8	42.4	40	37.6	35.2	32.8	30.4	28	17.28	16.2	15.12	14.04	12.96	11.88	10.8	9.72	8.64	7.56	6.48	5.4
11	WETN	Wetlands-Non-Forested	49	69	79	84	1000	0.2	2	0.5	400	-2	0.003	1	0.1215	0.1781	0.2206	0.263	0.3196	0.3621	0.4046	0.4612	0.5036	0.5461	0.6027	0.6452	73.0387	69.5468	66.0548	62.5629	59.071	55.579	52.0081	48.5161	45.0242	41.5323	38.0403	34.5484	9.6	9	8.4	7.8	7.2	6.6	6	5.4	4.8	4.2	3.6	3
12	PAST	Pasture	49	69	79	84	1000	0.3	1.5	0.5	200	1	0.003	1	0.2055	0.2687	0.3161	0.3635	0.4268	0.4742	0.5216	0.5848	0.6323	0.6797	0.7429	0.7903	91.6774	87.0935	82.5097	77.9258	73.3419	68.7581	64.0161	59.4323	54.8484	50.2645	45.6806	41.0968	7.9032	7.4765	7.0339	6.6071	6.1803	5.7535	5.311	4.8842	4.4574	4.0306	3.5881	3.1613
13	SPAS	Summer Pasture	49	69	79	84	1000	0.3	1.5	0.5	200	1	0.003	1	0.2055	0.2687	0.3161	0.3635	0.4268	0.4742	0.5216	0.5848	0.6323	0.6797	0.7429	0.7903	91.6774	87.0935	82.5097	77.9258	73.3419	68.7581	64.0161	59.4323	54.8484	50.2645	45.6806	41.0968	7.9032	7.4765	7.0339	6.6071	6.1803	5.7535	5.311	4.8842	4.4574	4.0306	3.5881	3.1613
14	WPAS	Winter Pasture	49	69	79	84	1000	0.3	1.5	0.5	200	0	0.003	1	0.2055	0.2687	0.3161	0.3635	0.4268	0.4742	0.5216	0.5848	0.6323	0.6797	0.7429	0.7903	91.6774	87.0935	82.5097	77.9258	73.3419	68.7581	64.0161	59.4323	54.8484	50.2645	45.6806	41.0968	7.9032	7.4765	7.0339	6.6071	6.1803	5.7535	5.311	4.8842	4.4574	4.0306	3.5881	3.1613
15	RNGE	Range-Grasses	49	69	79	84	1000	0.3	1.5	0.5	200	0	0.003	1	0.2055	0.2687	0.3161	0.3635	0.4268	0.4742	0.5216	0.5848	0.6323	0.6797	0.7429	0.7903	91.6774	87.0935	82.5097	77.9258	73.3419	68.7581	64.0161	59.4323	54.8484	50.2645	45.6806	41.0968	7.9032	7.4765	7.0339	6.6071	6.1803	5.7535	5.311	4.8842	4.4574	4.0306	3.5881	3.1613
16	RNGB	Range-Brush	39	61	74	80	1000	0.4	2	0.5	200	-1	0.003	1	0.1635	0.2139	0.2516	0.2894	0.3397	0.3774	0.4152	0.4655	0.5032	0.541	0.5913	0.629	72.9677	69.3194	65.671	62.0226	58.3742	54.7258	50.9516	47.3032	43.6548	40.0065	36.3581	32.7097	6.2903	5.9506	5.5984	5.2587	4.919	4.5794	4.2271	3.8874	3.5477	3.2081	2.8558	2.5161
17	SWRN	Southwestern US (Arid) Range	39	61	74	80	1000	0.4	1.5	0.5	200	-1	0.003	1	0.1635	0.2139	0.2516	0.2894	0.3397	0.3774	0.4152	0.4655	0.5032	0.541	0.5913	0.629	72.9677	69.3194	65.671	62.0226	58.3742	54.7258	50.9516	47.3032	43.6548	40.0065	36.3581	32.7097	6.2903	5.9506	5.5984	5.2587	4.919	4.5794	4.2271	3.8874	3.5477	3.2081	2.8558	2.5161
18	WATR	Water	92	92	92	92	1000	0.04	0	0	5	2	0	1	1	1	1	1	1	1	1	1	1	1	1	1	0	0	0	0	0	0	0	0	0	0	0	0	0	0	0	0	0	0	0	0	0	0	0	0
19	CORN	Corn	67	77	83	87	1000	0.15	1.5	0	50	1	0.2	1	0.23	0.27	0.3	0.33	0.37	0.4	0.43	0.47	0.5	0.53	0.57	0.6	50	47.1	44.2	41.3	38.4	35.5	32.5	29.6	26.7	23.8	20.9	18	3	2.86	2.73	2.59	2.45	2.32	2.18	2.05	1.91	1.77	1.64	1.5
20	CSIL	Corn Silage	67	77	83	87	1000	0.15	1.5	0	50	1	0.2	1	0.23	0.27	0.3	0.33	0.37	0.4	0.43	0.47	0.5	0.53	0.57	0.6	50	47.1	44.2	41.3	38.4	35.5	32.5	29.6	26.7	23.8	20.9	18	3	2.86	2.73	2.59	2.45	2.32	2.18	2.05	1.91	1.77	1.64	1.5
21	SCRN	Sweet Corn	67	77	83	87	1000	0.15	1.5	0	50	1	0.2	1	0.23	0.27	0.3	0.33	0.37	0.4	0.43	0.47	0.5	0.53	0.57	0.6	50	47.1	44.2	41.3	38.4	35.5	32.5	29.6	26.7	23.8	20.9	18	3	2.86	2.73	2.59	2.45	2.32	2.18	2.05	1.91	1.77	1.64	1.5
22	EGAM	Eastern Gamagrass	31	59	72	79	1000	0.15	2	0.5	40	0	0.003	1	0.1064	0.1249	0.1388	0.1527	0.1712	0.1851	0.199	0.2175	0.2313	0.2452	0.2637	0.2776	108.0645	101.7968	95.529	89.2613	82.9935	76.7258	70.2419	63.9742	57.7065	51.4387	45.171	38.9032	6.4839	6.1813	5.9003	5.5977	5.2952	5.0142	4.7116	4.4306	4.1281	3.8255	3.5445	3.2419
23	GRSG	Grain Sorghum	67	77	83	87	1000	0.15	2	0.5	40	0	0.2	1	0.23	0.27	0.3	0.33	0.37	0.4	0.43	0.47	0.5	0.53	0.57	0.6	50	47.1	44.2	41.3	38.4	35.5	32.5	29.6	26.7	23.8	20.9	18	3	2.86	2.73	2.59	2.45	2.32	2.18	2.05	1.91	1.77	1.64	1.5
24	SGHY	Sorghum Hay	67	77	83	87	1000	0.2	2	0.5	40	0	0.2	1	0.23	0.27	0.3	0.33	0.37	0.4	0.43	0.47	0.5	0.53	0.57	0.6	50	47.1	44.2	41.3	38.4	35.5	32.5	29.6	26.7	23.8	20.9	18	3	2.86	2.73	2.59	2.45	2.32	2.18	2.05	1.91	1.77	1.64	1.5
25	JHGR	Johnsongrass	31	59	72	79	1000	0.2	2	0.5	40	1	0.2	1	0.1064	0.1249	0.1388	0.1527	0.1712	0.1851	0.199	0.2175	0.2313	0.2452	0.2637	0.2776	108.0645	101.7968	95.529	89.2613	82.9935	76.7258	70.2419	63.9742	57.7065	51.4387	45.171	38.9032	6.4839	6.1813	5.9003	5.5977	5.2952	5.0142	4.7116	4.4306	4.1281	3.8255	3.5445	3.2419
26	SUGC	Sugarcane	67	77	83	87	1000	0.2	2	0	50	1	0.001	1	0.23	0.27	0.3	0.33	0.37	0.4	0.43	0.47	0.5	0.53	0.57	0.6	50	47.1	44.2	41.3	38.4	35.5	32.5	29.6	26.7	23.8	20.9	18	3	2.86	2.73	2.59	2.45	2.32	2.18	2.05	1.91	1.77	1.64	1.5
27	SWHT	Spring Wheat	62	73	81	84	1000	0.15	1.5	0	40	1	0.03	1	0.2128	0.2499	0.2776	0.3054	0.3424	0.3701	0.3979	0.4349	0.4627	0.4904	0.5275	0.5552	54.0323	50.8984	47.7645	44.6306	41.4968	38.3629	35.121	31.9871	28.8532	25.7194	22.5855	19.4516	3.2419	3.0906	2.9502	2.7989	2.6476	2.5071	2.3558	2.2153	2.064	1.9127	1.7723	1.621
28	WWHT	Winter Wheat	62	73	81	84	1000	0.15	1.5	0	40	1	0.03	1	0.2128	0.2499	0.2776	0.3054	0.3424	0.3701	0.3979	0.4349	0.4627	0.4904	0.5275	0.5552	54.0323	50.8984	47.7645	44.6306	41.4968	38.3629	35.121	31.9871	28.8532	25.7194	22.5855	19.4516	3.2419	3.0906	2.9502	2.7989	2.6476	2.5071	2.3558	2.2153	2.064	1.9127	1.7723	1.621
29	DWHT	Durum Wheat	62	73	81	84	1000	0.15	1.5	0	40	1	0.03	1	0.2128	0.2499	0.2776	0.3054	0.3424	0.3701	0.3979	0.4349	0.4627	0.4904	0.5275	0.5552	54.0323	50.8984	47.7645	44.6306	41.4968	38.3629	35.121	31.9871	28.8532	25.7194	22.5855	19.4516	3.2419	3.0906	2.9502	2.7989	2.6476	2.5071	2.3558	2.2153	2.064	1.9127	1.7723	1.621
30	RYE	Rye	62	73	81	84	1000	0.15	1.5	0	40	1	0.03	1	0.2128	0.2499	0.2776	0.3054	0.3424	0.3701	0.3979	0.4349	0.4627	0.4904	0.5275	0.5552	54.0323	50.8984	47.7645	44.6306	41.4968	38.3629	35.121	31.9871	28.8532	25.7194	22.5855	19.4516	3.2419	3.0906	2.9502	2.7989	2.6476	2.5071	2.3558	2.2153	2.064	1.9127	1.7723	1.621
31	BARL	Spring Barley	62	73	81	84	1000	0.15	1.5	0	40	1	0.01	1	0.2128	0.2499	0.2776	0.3054	0.3424	0.3701	0.3979	0.4349	0.4627	0.4904	0.5275	0.5552	54.0323	50.8984	47.7645	44.6306	41.4968	38.3629	35.121	31.9871	28.8532	25.7194	22.5855	19.4516	3.2419	3.0906	2.9502	2.7989	2.6476	2.5071	2.3558	2.2153	2.064	1.9127	1.7723	1.621
32	OATS	Oats	62	73	81	84	1000	0.15	1.5	0	40	1	0.03	1	0.2128	0.2499	0.2776	0.3054	0.3424	0.3701	0.3979	0.4349	0.4627	0.4904	0.5275	0.5552	54.0323	50.8984	47.7645	44.6306	41.4968	38.3629	35.121	31.9871	28.8532	25.7194	22.5855	19.4516	3.2419	3.0906	2.9502	2.7989	2.6476	2.5071	2.3558	2.2153	2.064	1.9127	1.7723	1.621
33	RICE	Rice	62	73	81	84	1000	0.6	1.5	0	40	1	0.03	1	0.2128	0.2499	0.2776	0.3054	0.3424	0.3701	0.3979	0.4349	0.4627	0.4904	0.5275	0.5552	54.0323	50.8984	47.7645	44.6306	41.4968	38.3629	35.121	31.9871	28.8532	25.7194	22.5855	19.4516	3.2419	3.0906	2.9502	2.7989	2.6476	2.5071	2.3558	2.2153	2.064	1.9127	1.7723	1.621
34	PMIL	Pearl Millet	62	73	81	84	1000	0.15	1.5	0	40	1	0.2	1	0.2128	0.2499	0.2776	0.3054	0.3424	0.3701	0.3979	0.4349	0.4627	0.4904	0.5275	0.5552	54.0323	50.8984	47.7645	44.6306	41.4968	38.3629	35.121	31.9871	28.8532	25.7194	22.5855	19.4516	3.2419	3.0906	2.9502	2.7989	2.6476	2.5071	2.3558	2.2153	2.064	1.9127	1.7723	1.621
35	TIMO	Timothy	31	59	72	79	1000	0.15	1.5	0	40	1	0.003	1	0.13	0.17	0.2	0.23	0.27	0.3	0.33	0.37	0.4	0.43	0.47	0.5	58	55.1	52.2	49.3	46.4	43.5	40.5	37.6	34.7	31.8	28.9	26	5	4.73	4.45	4.18	3.91	3.64	3.36	3.09	2.82	2.55	2.27	2
36	BROS	Smooth Bromegrass	31	59	72	79	1000	0.2	1.5	0	100	0	0.003	1	0.13	0.17	0.2	0.23	0.27	0.3	0.33	0.37	0.4	0.43	0.47	0.5	58	55.1	52.2	49.3	46.4	43.5	40.5	37.6	34.7	31.8	28.9	26	5	4.73	4.45	4.18	3.91	3.64	3.36	3.09	2.82	2.55	2.27	2
37	BROM	Meadow Bromegrass	31	59	72	79	1000	0.2	1.5	0	100	0	0.003	1	0.13	0.17	0.2	0.23	0.27	0.3	0.33	0.37	0.4	0.43	0.47	0.5	58	55.1	52.2	49.3	46.4	43.5	40.5	37.6	34.7	31.8	28.9	26	5	4.73	4.45	4.18	3.91	3.64	3.36	3.09	2.82	2.55	2.27	2
38	FESC	Tall Fescue	31	59	72	79	1000	0.3	1.5	0	200	0	0.003	1	0.13	0.17	0.2	0.23	0.27	0.3	0.33	0.37	0.4	0.43	0.47	0.5	58	55.1	52.2	49.3	46.4	43.5	40.5	37.6	34.7	31.8	28.9	26	5	4.73	4.45	4.18	3.91	3.64	3.36	3.09	2.82	2.55	2.27	2
39	BLUG	Kentucky Bluegrass	31	59	72	79	1000	0.3	1.5	0	200	0	0.003	1	0.13	0.17	0.2	0.23	0.27	0.3	0.33	0.37	0.4	0.43	0.47	0.5	58	55.1	52.2	49.3	46.4	43.5	40.5	37.6	34.7	31.8	28.9	26	5	4.73	4.45	4.18	3.91	3.64	3.36	3.09	2.82	2.55	2.27	2
40	BERM	Bermudagrass	31	59	72	79	1000	0.3	1.5	0	200	0	0.003	1	0.13	0.17	0.2	0.23	0.27	0.3	0.33	0.37	0.4	0.43	0.47	0.5	58	55.1	52.2	49.3	46.4	43.5	40.5	37.6	34.7	31.8	28.9	26	5	4.73	4.45	4.18	3.91	3.64	3.36	3.09	2.82	2.55	2.27	2
41	CWGR	Crested Wheatgrass	31	59	72	79	1000	0.3	1.5	0	200	0	0.003	1	0.13	0.17	0.2	0.23	0.27	0.3	0.33	0.37	0.4	0.43	0.47	0.5	58	55.1	52.2	49.3	46.4	43.5	40.5	37.6	34.7	31.8	28.9	26	5	4.73	4.45	4.18	3.91	3.64	3.36	3.09	2.82	2.55	2.27	2
42	WWGR	Western Wheatgrass	31	59	72	79	1000	0.3	1.5	0	200	0	0.003	1	0.13	0.17	0.2	0.23	0.27	0.3	0.33	0.37	0.4	0.43	0.47	0.5	58	55.1	52.2	49.3	46.4	43.5	40.5	37.6	34.7	31.8	28.9	26	5	4.73	4.45	4.18	3.91	3.64	3.36	3.09	2.82	2.55	2.27	2
43	SWGR	Slender Wheatgrass	31	59	72	79	1000	0.3	1.5	0	200	0	0.003	1	0.13	0.17	0.2	0.23	0.27	0.3	0.33	0.37	0.4	0.43	0.47	0.5	58	55.1	52.2	49.3	46.4	43.5	40.5	37.6	34.7	31.8	28.9	26	5	4.73	4.45	4.18	3.91	3.64	3.36	3.09	2.82	2.55	2.27	2
44	RYEG	Italian (Annual) Ryegrass	31	59	72	79	1000	0.3	1.5	0	200	0	0.03	1	0.13	0.17	0.2	0.23	0.27	0.3	0.33	0.37	0.4	0.43	0.47	0.5	58	55.1	52.2	49.3	46.4	43.5	40.5	37.6	34.7	31.8	28.9	26	5	4.73	4.45	4.18	3.91	3.64	3.36	3.09	2.82	2.55	2.27	2
45	RYER	Russian Wildrye	31	59	72	79	1000	0.3	1.5	0	200	0	0.03	1	0.13	0.17	0.2	0.23	0.27	0.3	0.33	0.37	0.4	0.43	0.47	0.5	58	55.1	52.2	49.3	46.4	43.5	40.5	37.6	34.7	31.8	28.9	26	5	4.73	4.45	4.18	3.91	3.64	3.36	3.09	2.82	2.55	2.27	2
46	RYEA	Altai Wildrye	31	59	72	79	1000	0.3	1.5	0	200	0	0.03	1	0.13	0.17	0.2	0.23	0.27	0.3	0.33	0.37	0.4	0.43	0.47	0.5	58	55.1	52.2	49.3	46.4	43.5	40.5	37.6	34.7	31.8	28.9	26	5	4.73	4.45	4.18	3.91	3.64	3.36	3.09	2.82	2.55	2.27	2
47	SIDE	Sideoats Grama	31	59	72	79	1000	0.3	1.5	0	200	0	0.003	1	0.13	0.17	0.2	0.23	0.27	0.3	0.33	0.37	0.4	0.43	0.47	0.5	58	55.1	52.2	49.3	46.4	43.5	40.5	37.6	34.7	31.8	28.9	26	5	4.73	4.45	4.18	3.91	3.64	3.36	3.09	2.82	2.55	2.27	2
48	BBLS	Big Bluestem	31	59	72	79	1000	0.3	1.5	0	200	0	0.003	1	0.13	0.17	0.2	0.23	0.27	0.3	0.33	0.37	0.4	0.43	0.47	0.5	58	55.1	52.2	49.3	46.4	43.5	40.5	37.6	34.7	31.8	28.9	26	5	4.73	4.45	4.18	3.91	3.64	3.36	3.09	2.82	2.55	2.27	2
49	LBLS	Little Bluestem	31	59	72	79	1000	0.3	1.5	0	200	0	0.003	1	0.13	0.17	0.2	0.23	0.27	0.3	0.33	0.37	0.4	0.43	0.47	0.5	58	55.1	52.2	49.3	46.4	43.5	40.5	37.6	34.7	31.8	28.9	26	5	4.73	4.45	4.18	3.91	3.64	3.36	3.09	2.82	2.55	2.27	2
50	SWCH	Alamo Switchgrass	31	59	72	79	1000	0.3	1.5	0	200	0	0.003	1	0.13	0.17	0.2	0.23	0.27	0.3	0.33	0.37	0.4	0.43	0.47	0.5	58	55.1	52.2	49.3	46.4	43.5	40.5	37.6	34.7	31.8	28.9	26	5	4.73	4.45	4.18	3.91	3.64	3.36	3.09	2.82	2.55	2.27	2
51	INDN	Indiangrass	31	59	72	79	1000	0.3	1.5	0	200	0	0.003	1	0.13	0.17	0.2	0.23	0.27	0.3	0.33	0.37	0.4	0.43	0.47	0.5	58	55.1	52.2	49.3	46.4	43.5	40.5	37.6	34.7	31.8	28.9	26	5	4.73	4.45	4.18	3.91	3.64	3.36	3.09	2.82	2.55	2.27	2
52	ALFA	Alfalfa	31	59	72	79	1000	0.3	1.5	0	100	0	0.01	1	0.13	0.17	0.2	0.23	0.27	0.3	0.33	0.37	0.4	0.43	0.47	0.5	58	55.1	52.2	49.3	46.4	43.5	40.5	37.6	34.7	31.8	28.9	26	5	4.73	4.45	4.18	3.91	3.64	3.36	3.09	2.82	2.55	2.27	2
53	CLVS	Sweetclover	31	59	72	79	1000	0.3	1.5	0	100	1	0.003	1	0.13	0.17	0.2	0.23	0.27	0.3	0.33	0.37	0.4	0.43	0.47	0.5	58	55.1	52.2	49.3	46.4	43.5	40.5	37.6	34.7	31.8	28.9	26	5	4.73	4.45	4.18	3.91	3.64	3.36	3.09	2.82	2.55	2.27	2
54	CLVR	Red Clover	31	59	72	79	1000	0.3	1.5	0	100	1	0.003	1	0.13	0.17	0.2	0.23	0.27	0.3	0.33	0.37	0.4	0.43	0.47	0.5	58	55.1	52.2	49.3	46.4	43.5	40.5	37.6	34.7	31.8	28.9	26	5	4.73	4.45	4.18	3.91	3.64	3.36	3.09	2.82	2.55	2.27	2
55	CLVA	Alsike Clover	31	59	72	79	1000	0.3	1.5	0	100	1	0.003	1	0.13	0.17	0.2	0.23	0.27	0.3	0.33	0.37	0.4	0.43	0.47	0.5	58	55.1	52.2	49.3	46.4	43.5	40.5	37.6	34.7	31.8	28.9	26	5	4.73	4.45	4.18	3.91	3.64	3.36	3.09	2.82	2.55	2.27	2
56	SOYB	Soybean	67	78	85	89	1000	0.15	1	0	40	1	0.2	1	0.23	0.27	0.3	0.33	0.37	0.4	0.43	0.47	0.5	0.53	0.57	0.6	50	47.1	44.2	41.3	38.4	35.5	32.5	29.6	26.7	23.8	20.9	18	3	2.86	2.73	2.59	2.45	2.32	2.18	2.05	1.91	1.77	1.64	1.5
57	CWPS	Cowpeas	67	78	85	89	1000	0.15	1	0	40	1	0.03	1	0.23	0.27	0.3	0.33	0.37	0.4	0.43	0.47	0.5	0.53	0.57	0.6	50	47.1	44.2	41.3	38.4	35.5	32.5	29.6	26.7	23.8	20.9	18	3	2.86	2.73	2.59	2.45	2.32	2.18	2.05	1.91	1.77	1.64	1.5
58	MUNG	Mung Beans	67	78	85	89	1000	0.15	1	0	40	1	0.2	1	0.23	0.27	0.3	0.33	0.37	0.4	0.43	0.47	0.5	0.53	0.57	0.6	50	47.1	44.2	41.3	38.4	35.5	32.5	29.6	26.7	23.8	20.9	18	3	2.86	2.73	2.59	2.45	2.32	2.18	2.05	1.91	1.77	1.64	1.5
59	LIMA	Lima Beans	67	77	83	87	1000	0.15	1	0	40	1	0.2	1	0.23	0.27	0.3	0.33	0.37	0.4	0.43	0.47	0.5	0.53	0.57	0.6	50	47.1	44.2	41.3	38.4	35.5	32.5	29.6	26.7	23.8	20.9	18	3	2.86	2.73	2.59	2.45	2.32	2.18	2.05	1.91	1.77	1.64	1.5
60	LENT	Lentils	67	77	83	87	1000	0.15	1	0	40	1	0.2	1	0.23	0.27	0.3	0.33	0.37	0.4	0.43	0.47	0.5	0.53	0.57	0.6	50	47.1	44.2	41.3	38.4	35.5	32.5	29.6	26.7	23.8	20.9	18	3	2.86	2.73	2.59	2.45	2.32	2.18	2.05	1.91	1.77	1.64	1.5
61	PNUT	Peanut	67	77	83	87	1000	0.15	1	0	40	1	0.2	1	0.23	0.27	0.3	0.33	0.37	0.4	0.43	0.47	0.5	0.53	0.57	0.6	50	47.1	44.2	41.3	38.4	35.5	32.5	29.6	26.7	23.8	20.9	18	3	2.86	2.73	2.59	2.45	2.32	2.18	2.05	1.91	1.77	1.64	1.5
62	FPEA	Field Peas	67	77	83	87	1000	0.15	1	0	40	1	0.01	1	0.23	0.27	0.3	0.33	0.37	0.4	0.43	0.47	0.5	0.53	0.57	0.6	50	47.1	44.2	41.3	38.4	35.5	32.5	29.6	26.7	23.8	20.9	18	3	2.86	2.73	2.59	2.45	2.32	2.18	2.05	1.91	1.77	1.64	1.5
63	PEAS	Garden or Canning Peas	67	77	83	87	1000	0.15	1	0	40	1	0.2	1	0.23	0.27	0.3	0.33	0.37	0.4	0.43	0.47	0.5	0.53	0.57	0.6	50	47.1	44.2	41.3	38.4	35.5	32.5	29.6	26.7	23.8	20.9	18	3	2.86	2.73	2.59	2.45	2.32	2.18	2.05	1.91	1.77	1.64	1.5
64	SESB	Sesbania	67	77	83	87	1000	0.15	1	0	40	1	0.2	1	0.23	0.27	0.3	0.33	0.37	0.4	0.43	0.47	0.5	0.53	0.57	0.6	50	47.1	44.2	41.3	38.4	35.5	32.5	29.6	26.7	23.8	20.9	18	3	2.86	2.73	2.59	2.45	2.32	2.18	2.05	1.91	1.77	1.64	1.5
65	FLAX	Flax	62	73	81	84	1000	0.2	1	0	40	1	0.2	1	0.2128	0.2499	0.2776	0.3054	0.3424	0.3701	0.3979	0.4349	0.4627	0.4904	0.5275	0.5552	54.0323	50.8984	47.7645	44.6306	41.4968	38.3629	35.121	31.9871	28.8532	25.7194	22.5855	19.4516	3.2419	3.0906	2.9502	2.7989	2.6476	2.5071	2.3558	2.2153	2.064	1.9127	1.7723	1.621
66	COTS	Upland Cotton-harvested with s	67	77	83	87	1000	0.2	1	0	50	0	0.2	1	0.23	0.27	0.3	0.33	0.37	0.4	0.43	0.47	0.5	0.53	0.57	0.6	50	47.1	44.2	41.3	38.4	35.5	32.5	29.6	26.7	23.8	20.9	18	3	2.86	2.73	2.59	2.45	2.32	2.18	2.05	1.91	1.77	1.64	1.5
67	COTP	Upland Cotton-harvested with p	67	77	83	87	1000	0.2	1	0	50	0	0.2	1	0.23	0.27	0.3	0.33	0.37	0.4	0.43	0.47	0.5	0.53	0.57	0.6	50	47.1	44.2	41.3	38.4	35.5	32.5	29.6	26.7	23.8	20.9	18	3	2.86	2.73	2.59	2.45	2.32	2.18	2.05	1.91	1.77	1.64	1.5
68	TOBC	Tobacco	67	77	83	87	1000	0.15	1	0	40	1	0.2	1	0.23	0.27	0.3	0.33	0.37	0.4	0.43	0.47	0.5	0.53	0.57	0.6	50	47.1	44.2	41.3	38.4	35.5	32.5	29.6	26.7	23.8	20.9	18	3	2.86	2.73	2.59	2.45	2.32	2.18	2.05	1.91	1.77	1.64	1.5
69	SGBT	Sugarbeet	67	77	83	87	1000	0.15	1	0	40	1	0.2	1	0.23	0.27	0.3	0.33	0.37	0.4	0.43	0.47	0.5	0.53	0.57	0.6	50	47.1	44.2	41.3	38.4	35.5	32.5	29.6	26.7	23.8	20.9	18	3	2.86	2.73	2.59	2.45	2.32	2.18	2.05	1.91	1.77	1.64	1.5
70	POTA	Potato	67	77	83	87	1000	0.15	1	0	40	1	0.2	1	0.23	0.27	0.3	0.33	0.37	0.4	0.43	0.47	0.5	0.53	0.57	0.6	50	47.1	44.2	41.3	38.4	35.5	32.5	29.6	26.7	23.8	20.9	18	3	2.86	2.73	2.59	2.45	2.32	2.18	2.05	1.91	1.77	1.64	1.5
71	SPOT	Sweetpotato	67	77	83	87	1000	0.15	1	0	40	1	0.05	1	0.23	0.27	0.3	0.33	0.37	0.4	0.43	0.47	0.5	0.53	0.57	0.6	50	47.1	44.2	41.3	38.4	35.5	32.5	29.6	26.7	23.8	20.9	18	3	2.86	2.73	2.59	2.45	2.32	2.18	2.05	1.91	1.77	1.64	1.5
72	CRRT	Carrot	67	77	83	87	1000	0.15	1	0	40	1	0.2	1	0.23	0.27	0.3	0.33	0.37	0.4	0.43	0.47	0.5	0.53	0.57	0.6	50	47.1	44.2	41.3	38.4	35.5	32.5	29.6	26.7	23.8	20.9	18	3	2.86	2.73	2.59	2.45	2.32	2.18	2.05	1.91	1.77	1.64	1.5
73	ONIO	Onion	67	77	83	87	1000	0.15	1	0	40	1	0.2	1	0.23	0.27	0.3	0.33	0.37	0.4	0.43	0.47	0.5	0.53	0.57	0.6	50	47.1	44.2	41.3	38.4	35.5	32.5	29.6	26.7	23.8	20.9	18	3	2.86	2.73	2.59	2.45	2.32	2.18	2.05	1.91	1.77	1.64	1.5
74	SUNF	Sunflower	67	77	83	87	1000	0.15	1	0	50	1	0.2	1	0.23	0.27	0.3	0.33	0.37	0.4	0.43	0.47	0.5	0.53	0.57	0.6	50	47.1	44.2	41.3	38.4	35.5	32.5	29.6	26.7	23.8	20.9	18	3	2.86	2.73	2.59	2.45	2.32	2.18	2.05	1.91	1.77	1.64	1.5
75	CANP	Spring Canola-Polish	67	77	83	87	1000	0.15	1	0	100	1	0.2	1	0.23	0.27	0.3	0.33	0.37	0.4	0.43	0.47	0.5	0.53	0.57	0.6	50	47.1	44.2	41.3	38.4	35.5	32.5	29.6	26.7	23.8	20.9	18	3	2.86	2.73	2.59	2.45	2.32	2.18	2.05	1.91	1.77	1.64	1.5
76	CANA	Spring Canola-Argentine	67	77	83	87	1000	0.15	1	0	100	1	0.2	1	0.23	0.27	0.3	0.33	0.37	0.4	0.43	0.47	0.5	0.53	0.57	0.6	50	47.1	44.2	41.3	38.4	35.5	32.5	29.6	26.7	23.8	20.9	18	3	2.86	2.73	2.59	2.45	2.32	2.18	2.05	1.91	1.77	1.64	1.5
77	ASPR	Asparagus	63	74	82	85	1000	0.15	1	0	40	1	0.2	1	0.2163	0.2539	0.2821	0.3103	0.3479	0.3761	0.4043	0.4419	0.4701	0.4984	0.536	0.5642	53.1746	50.0905	47.0063	43.9222	40.8381	37.754	34.5635	31.4794	28.3952	25.3111	22.227	19.1429	3.1905	3.0416	2.9033	2.7544	2.6056	2.4673	2.3184	2.1802	2.0313	1.8824	1.7441	1.5952
78	BROC	Broccoli	67	77	83	87	1000	0.15	1	0	40	1	0.2	1	0.23	0.27	0.3	0.33	0.37	0.4	0.43	0.47	0.5	0.53	0.57	0.6	50	47.1	44.2	41.3	38.4	35.5	32.5	29.6	26.7	23.8	20.9	18	3	2.86	2.73	2.59	2.45	2.32	2.18	2.05	1.91	1.77	1.64	1.5
79	CABG	Cabbage	67	77	83	87	1000	0.15	1	0	40	1	0.2	1	0.23	0.27	0.3	0.33	0.37	0.4	0.43	0.47	0.5	0.53	0.57	0.6	50	47.1	44.2	41.3	38.4	35.5	32.5	29.6	26.7	23.8	20.9	18	3	2.86	2.73	2.59	2.45	2.32	2.18	2.05	1.91	1.77	1.64	1.5
80	CAUF	Cauliflower	67	77	83	87	1000	0.15	1	0	50	1	0.2	1	0.23	0.27	0.3	0.33	0.37	0.4	0.43	0.47	0.5	0.53	0.57	0.6	50	47.1	44.2	41.3	38.4	35.5	32.5	29.6	26.7	23.8	20.9	18	3	2.86	2.73	2.59	2.45	2.32	2.18	2.05	1.91	1.77	1.64	1.5
81	CELR	Celery	67	77	83	87	1000	0.15	1	0	40	1	0.2	1	0.23	0.27	0.3	0.33	0.37	0.4	0.43	0.47	0.5	0.53	0.57	0.6	50	47.1	44.2	41.3	38.4	35.5	32.5	29.6	26.7	23.8	20.9	18	3	2.86	2.73	2.59	2.45	2.32	2.18	2.05	1.91	1.77	1.64	1.5
82	LETT	Head Lettuce	67	77	83	87	1000	0.15	1	0	40	1	0.01	1	0.23	0.27	0.3	0.33	0.37	0.4	0.43	0.47	0.5	0.53	0.57	0.6	50	47.1	44.2	41.3	38.4	35.5	32.5	29.6	26.7	23.8	20.9	18	3	2.86	2.73	2.59	2.45	2.32	2.18	2.05	1.91	1.77	1.64	1.5
83	SPIN	Spinach	67	77	83	87	1000	0.15	1	0	40	1	0.2	1	0.23	0.27	0.3	0.33	0.37	0.4	0.43	0.47	0.5	0.53	0.57	0.6	50	47.1	44.2	41.3	38.4	35.5	32.5	29.6	26.7	23.8	20.9	18	3	2.86	2.73	2.59	2.45	2.32	2.18	2.05	1.91	1.77	1.64	1.5
84	GRBN	Green Beans	67	77	83	87	1000	0.15	1	0	40	1	0.2	1	0.23	0.27	0.3	0.33	0.37	0.4	0.43	0.47	0.5	0.53	0.57	0.6	50	47.1	44.2	41.3	38.4	35.5	32.5	29.6	26.7	23.8	20.9	18	3	2.86	2.73	2.59	2.45	2.32	2.18	2.05	1.91	1.77	1.64	1.5
85	CUCM	Cucumber	67	77	83	87	1000	0.15	1	0	40	1	0.03	1	0.23	0.27	0.3	0.33	0.37	0.4	0.43	0.47	0.5	0.53	0.57	0.6	50	47.1	44.2	41.3	38.4	35.5	32.5	29.6	26.7	23.8	20.9	18	3	2.86	2.73	2.59	2.45	2.32	2.18	2.05	1.91	1.77	1.64	1.5
86	EGGP	Eggplant	67	77	83	87	1000	0.15	1	0	40	1	0.03	1	0.23	0.27	0.3	0.33	0.37	0.4	0.43	0.47	0.5	0.53	0.57	0.6	50	47.1	44.2	41.3	38.4	35.5	32.5	29.6	26.7	23.8	20.9	18	3	2.86	2.73	2.59	2.45	2.32	2.18	2.05	1.91	1.77	1.64	1.5
87	CANT	Cantaloupe	67	77	83	87	1000	0.15	1	0	40	1	0.03	1	0.23	0.27	0.3	0.33	0.37	0.4	0.43	0.47	0.5	0.53	0.57	0.6	50	47.1	44.2	41.3	38.4	35.5	32.5	29.6	26.7	23.8	20.9	18	3	2.86	2.73	2.59	2.45	2.32	2.18	2.05	1.91	1.77	1.64	1.5
88	HMEL	Honeydew Melon	67	77	83	87	1000	0.15	1	0	40	1	0.03	1	0.23	0.27	0.3	0.33	0.37	0.4	0.43	0.47	0.5	0.53	0.57	0.6	50	47.1	44.2	41.3	38.4	35.5	32.5	29.6	26.7	23.8	20.9	18	3	2.86	2.73	2.59	2.45	2.32	2.18	2.05	1.91	1.77	1.64	1.5
89	WMEL	Watermelon	67	77	83	87	1000	0.15	1	0	40	1	0.03	1	0.23	0.27	0.3	0.33	0.37	0.4	0.43	0.47	0.5	0.53	0.57	0.6	50	47.1	44.2	41.3	38.4	35.5	32.5	29.6	26.7	23.8	20.9	18	3	2.86	2.73	2.59	2.45	2.32	2.18	2.05	1.91	1.77	1.64	1.5
90	PEPR	Bell Pepper	67	77	83	87	1000	0.15	1	0	40	1	0.03	1	0.23	0.27	0.3	0.33	0.37	0.4	0.43	0.47	0.5	0.53	0.57	0.6	50	47.1	44.2	41.3	38.4	35.5	32.5	29.6	26.7	23.8	20.9	18	3	2.86	2.73	2.59	2.45	2.32	2.18	2.05	1.91	1.77	1.64	1.5
91	STRW	Strawberry	67	77	83	87	1000	0.15	1	0	40	1	0.03	1	0.23	0.27	0.3	0.33	0.37	0.4	0.43	0.47	0.5	0.53	0.57	0.6	50	47.1	44.2	41.3	38.4	35.5	32.5	29.6	26.7	23.8	20.9	18	3	2.86	2.73	2.59	2.45	2.32	2.18	2.05	1.91	1.77	1.64	1.5
92	TOMA	Tomato	67	77	83	87	1000	0.15	1	0	40	1	0.03	1	0.23	0.27	0.3	0.33	0.37	0.4	0.43	0.47	0.5	0.53	0.57	0.6	50	47.1	44.2	41.3	38.4	35.5	32.5	29.6	26.7	23.8	20.9	18	3	2.86	2.73	2.59	2.45	2.32	2.18	2.05	1.91	1.77	1.64	1.5
93	APPL	Apple	61	71	80	83	1000	0.4	2	0.5	300	-2	0.001	1	0.2094	0.2458	0.2731	0.3004	0.3369	0.3642	0.3915	0.4279	0.4552	0.4825	0.519	0.5463	54.918	51.7328	48.5475	45.3623	42.177	38.9918	35.6967	32.5115	29.3262	26.141	22.9557	19.7705	3.2951	3.1413	2.9985	2.8448	2.691	2.5482	2.3944	2.2516	2.0979	1.9441	1.8013	1.6475
94	PINE	Pine	62	73	81	84	1000	0.4	2	1	400	-2	0.001	1	0.2128	0.2499	0.2776	0.3054	0.3424	0.3701	0.3979	0.4349	0.4627	0.4904	0.5275	0.5552	54.0323	50.8984	47.7645	44.6306	41.4968	38.3629	35.121	31.9871	28.8532	25.7194	22.5855	19.4516	3.2419	3.0906	2.9502	2.7989	2.6476	2.5071	2.3558	2.2153	2.064	1.9127	1.7723	1.621
95	OAK	Oak	63	74	82	85	1000	0.6	3	0.5	300	-2	0.001	1	0.2163	0.2539	0.2821	0.3103	0.3479	0.3761	0.4043	0.4419	0.4701	0.4984	0.536	0.5642	53.1746	50.0905	47.0063	43.9222	40.8381	37.754	34.5635	31.4794	28.3952	25.3111	22.227	19.1429	3.1905	3.0416	2.9033	2.7544	2.6056	2.4673	2.3184	2.1802	2.0313	1.8824	1.7441	1.5952
96	POPL	Poplar	64	75	83	86	1000	0.6	3	0.5	300	-2	0.001	1	0.2197	0.2579	0.2866	0.3152	0.3534	0.3821	0.4107	0.449	0.4776	0.5063	0.5445	0.5731	52.3438	49.3078	46.2719	43.2359	40.2	37.1641	34.0234	30.9875	27.9516	24.9156	21.8797	18.8438	3.1406	2.9941	2.858	2.7114	2.5648	2.4288	2.2822	2.1461	1.9995	1.853	1.7169	1.5703
97	MESQ	Honey Mesquite	65	76	84	87	1000	0.6	2	0.5	200	-1	0.001	1	0.2231	0.2619	0.291	0.3201	0.359	0.3881	0.4172	0.456	0.4851	0.5142	0.553	0.5821	51.5385	48.5492	45.56	42.5708	39.5815	36.5923	33.5	30.5108	27.5215	24.5323	21.5431	18.5538	3.0923	2.948	2.814	2.6697	2.5254	2.3914	2.2471	2.1131	1.9688	1.8245	1.6905	1.5462
98	BARE	Bare Soil	70	80	85	90	1000	0.1	0	0	10	1	0.001	1	0.33	0.37	0.4	0.43	0.47	0.5	0.53	0.57	0.6	0.63	0.67	0.7	42	39.3	36.5	33.8	31.1	28.4	25.6	22.9	20.2	17.5	14.7	12	1.5	1.45	1.41	1.36	1.32	1.27	1.23	1.17	1.14	1.09	1.05	1
101	URHD	Residential-High Density	72.4	83.6	88.8	91.6	1000	0.02	0.6	0.2	10	2	0.0012	1	0.652	0.668	0.68	0.692	0.708	0.72	0.732	0.748	0.76	0.772	0.788	0.8	58	55.1	52.2	49.3	46.4	43.5	40.5	37.6	34.7	31.8	28.9	26	1.5	1.444	1.392	1.336	1.28	1.228	1.172	1.12	1.064	1.008	0.956	0.9
102	URMD	Residential-Medium Density	57.22	74.58	82.64	86.98	1000	0.02	1	0.3	15	1	0.0019	1	0.4606	0.4854	0.504	0.5226	0.5474	0.566	0.5846	0.6094	0.628	0.6466	0.6714	0.69	58	55.1	52.2	49.3	46.4	43.5	40.5	37.6	34.7	31.8	28.9	26	2.05	1.9632	1.8826	1.7958	1.709	1.6284	1.5416	1.461	1.3742	1.2874	1.2068	1.12
103	URML	Residential-Med/Low Density	44.8	67.2	77.6	83.2	1000	0.02	1.2	0.4	20	1	0.0024	1	0.304	0.336	0.36	0.384	0.416	0.44	0.464	0.496	0.52	0.544	0.576	0.6	58	55.1	52.2	49.3	46.4	43.5	40.5	37.6	34.7	31.8	28.9	26	2.5	2.388	2.284	2.172	2.06	1.956	1.844	1.74	1.628	1.516	1.412	1.3
104	URLD	Residential-Low Density	39.28	63.92	75.36	81.52	1000	0.02	1.3	0.4	25	0	0.0026	1	0.2344	0.2696	0.296	0.3224	0.3576	0.384	0.4104	0.4456	0.472	0.4984	0.5336	0.56	58	55.1	52.2	49.3	46.4	43.5	40.5	37.6	34.7	31.8	28.9	26	2.7	2.5768	2.4624	2.3392	2.216	2.1016	1.9784	1.864	1.7408	1.6176	1.5032	1.38
105	UCOM	Commercial	77.23	86.47	90.76	93.07	1000	0.02	0.5	0.2	15	2	0.001	1	0.7129	0.7261	0.736	0.7459	0.7591	0.769	0.7789	0.7921	0.802	0.8119	0.8251	0.835	58	55.1	52.2	49.3	46.4	43.5	40.5	37.6	34.7	31.8	28.9	26	1.325	1.2788	1.2359	1.1897	1.1435	1.1006	1.0544	1.0115	0.9653	0.9191	0.8762	0.83
106	UIDU	Industrial	88.96	93.44	95.52	96.64	1000	0.02	0.2	0.1	5	2	0.001	1	0.8608	0.8672	0.872	0.8768	0.8832	0.888	0.8928	0.8992	0.904	0.9088	0.9152	0.92	58	55.1	52.2	49.3	46.4	43.5	40.5	37.6	34.7	31.8	28.9	26	0.9	0.8776	0.8568	0.8344	0.812	0.7912	0.7688	0.748	0.7256	0.7032	0.6824	0.66
107	UTRN	Transportation	98.62	99.18	99.44	99.58	1000	0.02	0	0	5	2	0.001	1	0.9826	0.9834	0.984	0.9846	0.9854	0.986	0.9866	0.9874	0.988	0.9886	0.9894	0.99	58	55.1	52.2	49.3	46.4	43.5	40.5	37.6	34.7	31.8	28.9	26	0.5548	0.5518	0.549	0.546	0.543	0.5401	0.5371	0.5343	0.5313	0.5283	0.5254	0.5224
108	UINS	Institutional	66.19	79.91	86.28	89.71	1000	0.02	0.7	0.2	10	1	0.0015	1	0.5737	0.5933	0.608	0.6227	0.6423	0.657	0.6717	0.6913	0.706	0.7207	0.7403	0.755	58	55.1	52.2	49.3	46.4	43.5	40.5	37.6	34.7	31.8	28.9	26	1.725	1.6564	1.5927	1.5241	1.4555	1.3918	1.3232	1.2595	1.1909	1.1223	1.0586	0.99
191	TERC	Terrace	67	77	83	87	1000	0.3	1.5	0	50	1	0.2	1	0.23	0.27	0.3	0.33	0.37	0.4	0.43	0.47	0.5	0.53	0.57	0.6	50	47.1	44.2	41.3	38.4	35.5	32.5	29.6	26.7	23.8	20.9	18	3	2.86	2.73	2.59	2.45	2.32	2.18	2.05	1.91	1.77	1.64	1.5
192	WPAS	Wild pasture	49	69	79	84	1000	0.2	1.5	0.5	200	1	0.003	1	0.2055	0.2687	0.3161	0.3635	0.4268	0.4742	0.5216	0.5848	0.6323	0.6797	0.7429	0.7903	91.6774	87.0935	82.5097	77.9258	73.3419	68.7581	64.0161	59.4323	54.8484	50.2645	45.6806	41.0968	7.9032	7.4765	7.0339	6.6071	6.1803	5.7535	5.311	4.8842	4.4574	4.0306	3.5881	3.1613
