StationID	Y	M	D	TMEAN	TMAX	TMIN	RM	WS	SSD
58345	2011	1	1	-0.8	2.8	-3.9	32	1.7	8.1
58345	2011	1	2	0.3	3.1	-2.1	64	0.9	0
58345	2011	1	3	0.6	2.7	-0.8	73	1.5	0
58345	2011	1	4	0.7	5.2	-2.6	59	0.9	8.1
58345	2011	1	5	1.9	3	0	59	0.5	0
58345	2011	1	6	0.2	2.8	-1.4	44	1.5	8.2
58345	2011	1	7	-1.8	3.2	-6.2	53	0.5	5.4
58345	2011	1	8	-0.4	7.3	-5.8	59	0.7	8.5
58345	2011	1	9	1.7	4.7	-1.8	44	1.9	7.4
58345	2011	1	10	-1.9	2.5	-5.2	48	1	8
58345	2011	1	11	0.3	5.8	-4.6	40	2.6	6.9
58345	2011	1	12	-0.4	3.9	-3.3	41	1.3	7.5
58345	2011	1	13	0.2	5.1	-4.5	61	2.3	2.4
58345	2011	1	14	4.1	6.6	1.5	67	1.9	0
58345	2011	1	15	0.8	4.6	-1.7	52	3.5	5.8
58345	2011	1	16	-4.1	0.5	-7.8	41	1.8	8.2
58345	2011	1	17	-2.4	1.1	-6.2	55	1.2	2.6
58345	2011	1	18	-1	-0.1	-1.8	73	1.8	0
58345	2011	1	19	-0.7	0.4	-1.7	85	1.7	0
58345	2011	1	20	-0.6	0.3	-1.4	89	1.8	0
58345	2011	1	21	-0.5	3.3	-3.6	70	0.5	6.7
58345	2011	1	22	-1.1	4.1	-5.5	70	1.4	8.3
58345	2011	1	23	2.6	6.5	0.5	69	1	1.7
58345	2011	1	24	0.4	3.6	-2.3	53	1.6	8.1
58345	2011	1	25	0.8	4.8	-2.1	59	2.3	8.7
58345	2011	1	26	2.4	5	-0.6	65	1.7	0
58345	2011	1	27	2.3	3.7	0.8	76	3.1	0
58345	2011	1	28	1	2.2	0.3	83	2.3	0
58345	2011	1	29	0.8	4.2	-0.8	70	1.9	4.7
58345	2011	1	30	-0.6	3.6	-3.7	49	1.1	7.2
58345	2011	1	31	0.3	7.2	-5.5	51	0.6	8.2
58345	2011	2	1	1.5	9	-3.1	60	0.7	3.8
58345	2011	2	2	2.9	12.1	-2.4	56	1	8.4
58345	2011	2	3	3.9	13.9	-2.5	61	0.7	7
58345	2011	2	4	5.7	15.1	-1.4	62	0.7	7.6
58345	2011	2	5	6.6	15.7	0.4	63	1.3	7.4
58345	2011	2	6	9.8	18.8	4.1	57	0.7	5.4
58345	2011	2	7	8.2	12.6	3.5	69	3.2	4.5
58345	2011	2	8	10.3	14.4	8.4	70	1.2	0
58345	2011	2	9	6.1	9	4.1	65	4.6	0
58345	2011	2	10	1.9	4.1	0.7	81	4	0
58345	2011	2	11	2.4	5.8	-1.3	61	1.9	7.7
58345	2011	2	12	1.4	3.8	-0.5	58	2.9	6.6
58345	2011	2	13	0.5	2.2	-0.8	75	2.1	0
58345	2011	2	14	1.4	3.5	0.2	68	1.8	0
58345	2011	2	15	1	4.4	-2.5	58	3.5	7.3
58345	2011	2	16	3	3.4	2.4	75	1.7	0
58345	2011	2	17	2.3	4.3	1	81	1.5	0
58345	2011	2	18	2.4	6.9	-2.7	76	1.2	0
58345	2011	2	19	3.6	7.3	1.7	70	1.9	0
58345	2011	2	20	3.6	9.4	-0.9	72	0.9	7.7
58345	2011	2	21	4.5	11.2	-1	66	1.8	8.2
58345	2011	2	22	7.6	13.1	2.5	72	2.9	7.6
58345	2011	2	23	9	16.4	3.6	70	1.2	7.8
58345	2011	2	24	11.6	20.1	4.6	70	1.8	8.1
58345	2011	2	25	9.7	13	7.5	66	4.9	1.6
58345	2011	2	26	8.5	11.5	6.1	78	3	0
58345	2011	2	27	8.2	10.4	6	87	2	0
58345	2011	2	28	4.8	6	3.9	83	1.8	0
58345	2011	3	1	1.9	4	1.1	76	1.8	0
58345	2011	3	2	3.4	8.3	-0.9	66	1.1	7.9
58345	2011	3	3	6.2	10.3	4.1	55	1.6	8.1
58345	2011	3	4	5.2	11.1	0.3	68	1.7	8.5
58345	2011	3	5	6.4	9.2	2.9	69	1.6	0
58345	2011	3	6	7.2	8.1	6.3	83	0.6	0
58345	2011	3	7	7.3	12.3	3.3	53	1.8	9
58345	2011	3	8	8.1	17	0.7	62	0.9	9.3
58345	2011	3	9	8.1	13.5	4.3	61	1.1	4.3
58345	2011	3	10	8.4	15.1	2.3	52	0.6	9.4
58345	2011	3	11	9.1	16.3	1.2	55	2	9.4
58345	2011	3	12	13.3	20.6	9.2	55	1.1	6.5
58345	2011	3	13	12.7	19.2	7.4	74	3.2	6.2
58345	2011	3	14	12.2	17.5	7.9	76	4	0
58345	2011	3	15	8.2	12.1	5.4	45	2.1	3.2
58345	2011	3	16	9.3	14.6	4.6	38	2.5	8.5
58345	2011	3	17	10.5	17	1.8	35	1.7	9.6
58345	2011	3	18	11.3	17.2	7.5	53	1	0
58345	2011	3	19	11	13.8	9.3	81	2	0
58345	2011	3	20	10.9	12.7	9	87	2.3	0
58345	2011	3	21	5.5	9	4.5	87	2.7	0
58345	2011	3	22	6.6	10.6	4.7	66	1.8	5.4
58345	2011	3	23	8.9	13.6	3.5	45	1.9	9.6
58345	2011	3	24	10.5	16.1	5.1	53	2.4	8.2
58345	2011	3	25	9.2	12.8	4	35	2.1	9.1
58345	2011	3	26	9.8	15.3	4.3	34	1.8	9.5
58345	2011	3	27	12.1	18	4.1	31	1	9.4
58345	2011	3	28	12.9	19.6	4.6	33	1.8	8.8
58345	2011	3	29	11.2	15	8.6	50	2.3	6.1
58345	2011	3	30	10.2	16.2	4.4	54	2.5	10
58345	2011	3	31	12.8	20.4	5.4	58	2.1	9.8
58345	2011	4	1	15.7	22.1	10.1	67	1.4	6.2
58345	2011	4	2	11.1	18.3	8.5	80	4	0
58345	2011	4	3	7.2	10.7	4.4	76	2.3	0
58345	2011	4	4	10	15.6	3.7	58	2	9.6
58345	2011	4	5	10.7	16.1	5.1	67	2.8	10.6
58345	2011	4	6	10.8	13.4	9.5	79	2.2	0
58345	2011	4	7	11.1	12.9	10.2	94	0.8	0
58345	2011	4	8	13.8	19.6	9.1	79	0.9	8.7
58345	2011	4	9	16	22.2	11.1	74	1.2	8.1
58345	2011	4	10	18.3	26.2	11.6	66	0.7	8.6
58345	2011	4	11	13	21.9	8.4	63	1.8	10.1
58345	2011	4	12	14.8	21	7.1	52	2.5	11.2
58345	2011	4	13	17	22.9	13.1	63	0.7	1.1
58345	2011	4	14	20.4	27.9	12.7	76	1	9.2
58345	2011	4	15	22.7	27.3	18.6	78	1.3	5
58345	2011	4	16	15.4	23.6	14	52	3.1	1.6
58345	2011	4	17	17.5	25.2	8.8	53	1.6	10.4
58345	2011	4	18	16.9	21.4	13.8	43	2	9.8
58345	2011	4	19	13.7	19.2	7.4	50	1.7	10.2
58345	2011	4	20	16.3	23.8	8.3	61	1.9	10.2
58345	2011	4	21	16.2	18.6	13.9	85	0.9	0
58345	2011	4	22	16	18.5	14	80	2	0
58345	2011	4	23	17.5	25.7	9.1	62	1.2	10.2
58345	2011	4	24	16.8	23	13.1	65	1.4	8.9
58345	2011	4	25	21.9	32.5	11.2	53	2.5	10.2
58345	2011	4	26	26.2	32.7	20.4	37	2.4	11.1
58345	2011	4	27	19.5	25.3	16.5	64	2.6	8.3
58345	2011	4	28	18.3	24.3	12	63	2.1	9.3
58345	2011	4	29	24.9	35.2	15.1	60	1.8	10.8
58345	2011	4	30	28.7	32.8	23.6	51	2.3	10.3
58345	2011	5	1	23.9	28	20.3	47	3.2	9.6
58345	2011	5	2	19	22.8	17.1	49	2.5	1.3
58345	2011	5	3	16	21.2	12.8	65	2.2	6
58345	2011	5	4	16.1	19.4	11.8	71	1.5	0
58345	2011	5	5	17.9	24.4	10.8	70	1.9	9.7
58345	2011	5	6	22.5	31.1	15.3	67	1.3	10.5
58345	2011	5	7	25.7	32.8	18.9	69	0.9	10.7
58345	2011	5	8	28.1	34.1	22	68	2.4	8.9
58345	2011	5	9	29.3	32.8	24	58	2.7	6.9
58345	2011	5	10	29.6	35.9	25.5	66	1.1	6.1
58345	2011	5	11	18.2	28.1	16.5	88	2.5	0
58345	2011	5	12	20.6	26	16.5	79	1.7	2
58345	2011	5	13	23.1	28.8	15.2	32	1.5	12
58345	2011	5	14	22.6	27.1	18.6	42	0.9	2.8
58345	2011	5	15	22.9	30.3	14.5	50	1.2	9.3
58345	2011	5	16	24.9	30	19.1	46	1.2	7.5
58345	2011	5	17	25.3	32.9	18.3	54	1.9	10.8
58345	2011	5	18	27	35.2	19.2	46	1.8	11.6
58345	2011	5	19	28.5	36.5	20.4	49	1.4	9.4
58345	2011	5	20	29.1	37.6	22.3	61	2.5	10
58345	2011	5	21	19	26.9	18.3	78	3.4	0
58345	2011	5	22	15.3	18.6	13	80	3.1	0
58345	2011	5	23	14.2	17.3	10.8	88	2.7	0
58345	2011	5	24	19.8	24.3	14.9	57	3	4.8
58345	2011	5	25	20.7	26.2	15.6	51	1.1	6.1
58345	2011	5	26	19.4	22.4	17	75	1.4	0
58345	2011	5	27	20.2	25.7	15.2	73	2.1	9.1
58345	2011	5	28	20.2	24.4	16.3	70	2.5	9
58345	2011	5	29	21.9	29.2	14.4	58	1.4	10.7
58345	2011	5	30	25.8	33.2	18.8	48	1.5	8.1
58345	2011	5	31	22.4	27	20.9	71	1.1	0
58345	2011	6	1	24.3	31.1	17	60	2.3	10.6
58345	2011	6	2	26.5	33.1	20.6	52	1.3	7.1
58345	2011	6	3	27	32.4	21.7	56	1.5	5.8
58345	2011	6	4	22.4	27.6	21.1	85	0.8	0
58345	2011	6	5	23.4	26.3	21.5	86	2.4	0
58345	2011	6	6	20.3	23.1	18.1	91	2.5	0
58345	2011	6	7	21.8	25.4	19.1	89	1.1	0
58345	2011	6	8	26.7	34.8	19.5	74	1.3	9.7
58345	2011	6	9	29.2	37	24.2	67	2	8.7
58345	2011	6	10	24.6	25.3	23.2	91	0.9	0
58345	2011	6	11	22.8	24.3	21.7	91	0.9	0
58345	2011	6	12	25.1	30.3	22.3	85	0.7	0
58345	2011	6	13	26.2	29.9	24.1	82	2.1	0
58345	2011	6	14	21.9	25.6	19.7	91	2.6	0
58345	2011	6	15	20.4	21.5	19.2	92	2.8	0
58345	2011	6	16	22.7	26.6	20.1	82	1.4	2.9
58345	2011	6	17	23	24.2	22.3	94	2.8	0
58345	2011	6	18	21.6	23.4	19.6	97	2.5	0
58345	2011	6	19	21.7	25	19.6	90	2	0
58345	2011	6	20	23	26.3	19.5	85	1.8	3.6
58345	2011	6	21	23.8	27.9	22	92	1.1	1.5
58345	2011	6	22	27.3	33.7	24	88	1.1	0
58345	2011	6	23	29.9	35.3	24.5	75	0.8	2.6
58345	2011	6	24	28.6	34.6	23.8	84	1.9	0
58345	2011	6	25	22.6	25.1	21.5	94	3.7	0
58345	2011	6	26	24	28.2	20.2	73	3.2	3.1
58345	2011	6	27	26.8	32.2	20.8	67	1.5	5.9
58345	2011	6	28	26.8	33.9	23.7	82	1	3.7
58345	2011	6	29	27.3	32.4	25	88	1.3	0
58345	2011	6	30	27	29.2	25.7	86	2.2	0
58345	2011	7	1	28.6	32.4	25.4	84	1.2	4.6
58345	2011	7	2	31.7	36.6	27.5	67	2.7	11.8
58345	2011	7	3	32.6	37.3	28.7	58	2.6	8
58345	2011	7	4	30.6	35.5	28.7	73	2.5	0
58345	2011	7	5	28.4	31.4	25.2	90	1	0
58345	2011	7	6	31.5	35.4	26.7	76	1.9	8.4
58345	2011	7	7	31.7	35.5	28.9	69	1.9	0
58345	2011	7	8	26.7	31.1	25.7	88	1.6	0
58345	2011	7	9	27.3	31.4	24.1	89	1.2	0
58345	2011	7	10	29.3	32.9	26.6	85	2.9	0
58345	2011	7	11	27.2	31.4	23.5	90	2.4	0
58345	2011	7	12	26.3	27.7	23.1	99	1	0
58345	2011	7	13	25.5	26.4	25.2	100	0.9	0
58345	2011	7	14	23.7	25.3	21.9	90	1.7	0
58345	2011	7	15	23.6	24.8	22.8	89	1.5	0
58345	2011	7	16	25.1	28.4	23.1	90	2.3	0
58345	2011	7	17	26.7	29.8	24.7	90	1.2	0
58345	2011	7	18	27.1	31.2	24.3	88	1.8	0
58345	2011	7	19	26.1	28.2	25	90	1	0
58345	2011	7	20	26.6	30.2	24	80	1.6	4.9
58345	2011	7	21	28.3	33.3	23.3	80	0.5	11.1
58345	2011	7	22	30.1	34.4	25.4	77	1.1	11.1
58345	2011	7	23	30.6	35.1	26.9	76	1.1	8.6
58345	2011	7	24	31.1	36.6	26.9	72	1.5	6.6
58345	2011	7	25	32.7	37.6	27.5	67	1.4	11.3
58345	2011	7	26	29.5	32.8	27.4	76	2.2	3.7
58345	2011	7	27	31.1	36.4	27.5	73	1.3	5.1
58345	2011	7	28	31	35.6	27	68	1.2	8.7
58345	2011	7	29	32.2	36.3	27.2	68	1.1	8.2
58345	2011	7	30	32.2	37	27.6	64	1.5	7.3
58345	2011	7	31	30.6	34.8	28.3	72	1.9	7.9
58345	2011	8	1	28.4	32.6	24.9	82	2	0
58345	2011	8	2	28.6	33.4	26.4	84	2.4	2.3
58345	2011	8	3	28.4	31.9	25.8	80	1.6	1.5
58345	2011	8	4	28	31.4	25.9	81	1.2	0
58345	2011	8	5	29.3	33.3	26.1	77	1.9	11.2
58345	2011	8	6	28.7	32.9	26	80	3.1	8.4
58345	2011	8	7	29	33.3	26.5	76	2.8	8.3
58345	2011	8	8	28.1	32.7	25.5	82	1.1	3.6
58345	2011	8	9	28.9	34	25.7	78	1.2	0
58345	2011	8	10	26.6	33.8	24.7	92	1.8	4.3
58345	2011	8	11	28.9	34.3	25.4	80	1.2	6.4
58345	2011	8	12	28.2	32.7	24.9	83	1.7	4
58345	2011	8	13	28.5	34.4	24.7	78	1.9	8
58345	2011	8	14	28.6	34.7	24.9	78	2	8
58345	2011	8	15	30.9	36	26.2	74	1.4	10.4
58345	2011	8	16	31.9	36.1	28.3	67	1.5	6
58345	2011	8	17	30.6	34.2	29.5	75	1.6	0
58345	2011	8	18	30.5	35.1	27.8	81	1.1	0
58345	2011	8	19	27.5	31.5	23.5	81	3	0
58345	2011	8	20	28.1	32.6	24	81	1.8	6.9
58345	2011	8	21	26.6	29.6	24.4	83	1.8	1
58345	2011	8	22	24.2	26.8	22.6	89	1.7	0
58345	2011	8	23	23.9	26.7	22.1	83	2.7	0
58345	2011	8	24	19.6	23.8	18.1	92	3.5	0
58345	2011	8	25	21.5	22.8	19.8	95	2.1	0
58345	2011	8	26	24.9	29.2	22.4	89	1.7	3.2
58345	2011	8	27	25.4	30.5	24.2	90	1.4	5.8
58345	2011	8	28	27.1	31.2	24.5	89	1.2	0
58345	2011	8	29	27.3	29.7	24.6	83	1.8	3.2
58345	2011	8	30	25.2	26.5	24.2	94	1.7	0
58345	2011	8	31	27	31	24.7	82	2.5	6.9
58345	2011	9	1	27.1	31.6	23.5	80	1.5	7.1
58345	2011	9	2	27	30.9	22.9	76	1.8	9.8
58345	2011	9	3	26	29.9	22.2	68	1.9	10.2
58345	2011	9	4	25.9	30.5	21.9	71	1	10.3
58345	2011	9	5	25.1	29.2	20.7	64	1.7	5.9
58345	2011	9	6	24.1	28	20.6	61	0.9	6.3
58345	2011	9	7	24.1	26.8	22.6	75	1.1	0
58345	2011	9	8	24	26.8	22.9	81	1.2	0
58345	2011	9	9	21.7	23.2	21	90	2	0
58345	2011	9	10	22	24.7	20.4	87	1.9	0
58345	2011	9	11	23.9	27.7	21.4	83	1.7	2.8
58345	2011	9	12	25.6	30	23.1	83	2.6	5.7
58345	2011	9	13	26.9	31.7	23.6	82	1.9	9.5
58345	2011	9	14	28	33.6	23.1	76	1.5	10.9
58345	2011	9	15	28.5	33.8	24.1	76	1.2	8.1
58345	2011	9	16	27.9	32.5	24.1	78	1.7	2.9
58345	2011	9	17	26.3	30	24.6	84	2.8	0
58345	2011	9	18	21.2	24.6	19.2	67	3.8	2.5
58345	2011	9	19	17.4	20.4	15.6	67	3.3	8.4
58345	2011	9	20	17	18.7	15.4	70	2	0
58345	2011	9	21	19.3	24.5	15.6	59	1.9	9
58345	2011	9	22	19.4	25.6	14.6	57	0.9	8.3
58345	2011	9	23	19.5	26.1	14.9	63	0.7	8.2
58345	2011	9	24	20.2	26	14.9	62	1.4	10
58345	2011	9	25	21.1	25.9	17.5	74	1.7	1.2
58345	2011	9	26	22.8	27.4	19.2	80	1.4	4.6
58345	2011	9	27	23.3	26.7	21.6	82	2.5	0
58345	2011	9	28	25.2	30.1	22.3	81	2.5	5.9
58345	2011	9	29	22.2	24.8	19.7	87	2	0
58345	2011	9	30	18.9	20.1	17.2	90	2.4	0
58345	2011	10	1	18.3	20.3	16.6	79	2.6	0
58345	2011	10	2	16.7	18.8	15.4	90	1.2	0
58345	2011	10	3	16.8	18.9	15.1	75	2	0
58345	2011	10	4	17.5	21.4	12.8	66	1.7	10.4
58345	2011	10	5	18.6	23.3	14.7	69	0.8	4.9
58345	2011	10	6	19.4	24.5	16.1	72	0.8	4.7
58345	2011	10	7	19	25.5	14.1	76	2	8
58345	2011	10	8	19.6	25.9	14.8	66	1.1	9.1
58345	2011	10	9	20.1	25.7	15.3	75	1.7	9.5
58345	2011	10	10	22.2	27.4	18.2	82	2.7	7.9
58345	2011	10	11	21.4	24.2	20.4	77	2.2	0
58345	2011	10	12	19.9	24	17.9	81	3.3	0
58345	2011	10	13	17.9	18.9	17.3	90	1.6	0
58345	2011	10	14	19.2	24.8	16.5	75	1.4	6.5
58345	2011	10	15	18.8	23.9	14.1	53	1.9	4.2
58345	2011	10	16	19.2	25.2	12.9	50	1.7	8.5
58345	2011	10	17	18.8	25.7	12.8	60	0.5	9.1
58345	2011	10	18	18.2	23.3	13.9	71	1.8	9.1
58345	2011	10	19	15.8	20.7	10.8	71	1.8	9.7
58345	2011	10	20	18.3	22.9	14.4	82	1.6	0
58345	2011	10	21	19	24.4	16.7	79	0.9	3.8
58345	2011	10	22	17.6	23.1	13.5	79	0.9	7.7
58345	2011	10	23	20.1	24.1	16.9	76	2.5	0
58345	2011	10	24	16	21	14.4	86	3.9	0
58345	2011	10	25	13.5	17.4	10	62	2.5	4.6
58345	2011	10	26	13.6	17.2	12.1	65	2.1	0
58345	2011	10	27	16.1	20.4	11.2	71	1.3	6.4
58345	2011	10	28	16.5	19.4	14.2	79	1.5	0
58345	2011	10	29	14.8	15.6	14.2	90	0.6	0
58345	2011	10	30	16.8	20.9	15	75	1.4	5.3
58345	2011	10	31	15.4	19.9	11.5	75	2.1	7.2
58345	2011	11	1	16.9	23.1	12	85	1.9	8.2
58345	2011	11	2	18.4	22.2	15	79	1.5	3
58345	2011	11	3	19.9	24.4	17	82	1.9	1.3
58345	2011	11	4	21.7	25.5	19.9	89	1.1	0
58345	2011	11	5	21.4	24.1	20.2	88	0.8	0
58345	2011	11	6	18.7	20.4	17.6	84	2.5	0
58345	2011	11	7	17.5	19.5	16.1	79	2.5	0
58345	2011	11	8	15.3	17.2	14.6	80	2.7	0
58345	2011	11	9	13.9	15	13.1	72	2.5	0
58345	2011	11	10	13.4	17.4	11.4	62	1.8	3.8
58345	2011	11	11	11.7	18	6.9	71	0.6	7.4
58345	2011	11	12	13.2	21.1	6.8	69	0.4	7
58345	2011	11	13	14.1	20.3	9.4	69	0.6	8.8
58345	2011	11	14	14.1	19.1	9.9	76	1.5	8.8
58345	2011	11	15	15.3	19.3	12.3	70	3.3	4.5
58345	2011	11	16	17.1	21.6	13.4	81	2.8	4.2
58345	2011	11	17	19.3	23.9	16.9	87	1.7	5.1
58345	2011	11	18	19.9	22.5	18.4	90	1.1	0
58345	2011	11	19	13.3	19.3	10.9	85	2.5	0
58345	2011	11	20	11	14.3	8.7	64	1.6	5.2
58345	2011	11	21	9.6	14.8	5.4	68	2.5	9.2
58345	2011	11	22	12.1	17.5	7	75	1.4	3.2
58345	2011	11	23	11.2	14.5	7.8	66	2.1	2.2
58345	2011	11	24	7.2	13.8	2	71	1.6	8.8
58345	2011	11	25	11.7	18	7.1	71	1.7	8.7
58345	2011	11	26	13.3	21.5	7.3	77	0.9	7.4
58345	2011	11	27	15.2	23.7	8.3	75	0.6	5.1
58345	2011	11	28	14.9	20.7	11.2	86	0.9	2.4
58345	2011	11	29	17	18.6	14.5	92	2.2	0
58345	2011	11	30	9.6	16.8	4.4	92	2.8	0
58345	2011	12	1	5.2	7	3.6	70	2.5	0
58345	2011	12	2	4.4	7.6	3.1	64	1.7	8.4
58345	2011	12	3	5.3	10.1	2	70	1.3	8.5
58345	2011	12	4	5.7	11.5	0.6	80	2.1	7.2
58345	2011	12	5	10.9	13.6	6.4	75	2.2	0
58345	2011	12	6	12	14.4	9.7	84	1.9	0
58345	2011	12	7	10.7	12.3	9.2	94	1.8	0
58345	2011	12	8	6.4	9.2	4.1	75	2.7	0
58345	2011	12	9	2.2	5.2	0.5	56	2.4	8.6
58345	2011	12	10	1.5	5.3	-1.2	58	1.8	8.5
58345	2011	12	11	1.8	7.7	-3	61	0.7	8.6
58345	2011	12	12	1.9	9.1	-2.4	71	0.8	8.6
58345	2011	12	13	2.8	9.8	-1.8	76	0.9	3.7
58345	2011	12	14	5.1	12.1	-1.1	69	0.9	5.4
58345	2011	12	15	5.1	7.7	3.4	66	2.9	5.5
58345	2011	12	16	1.2	4.8	-1.5	53	1.6	8.2
58345	2011	12	17	-0.8	4.6	-5	66	0.5	8.3
58345	2011	12	18	1.9	4.9	-2.2	75	1.6	0
58345	2011	12	19	2.4	9.4	-3	79	2	7.7
58345	2011	12	20	6.2	8.6	2.5	82	2.3	0
58345	2011	12	21	6.6	8.8	5.4	86	1.4	0
58345	2011	12	22	4.2	6.7	1.8	64	2.3	8
58345	2011	12	23	1.8	6.8	-2.8	62	1.3	8.3
58345	2011	12	24	2.6	8.3	0	55	1.7	7.3
58345	2011	12	25	1.7	9.5	-3.2	61	0.5	8.5
58345	2011	12	26	2.9	9.1	-2.5	66	2	4.3
58345	2011	12	27	7	9.4	4.8	70	3.6	0
58345	2011	12	28	7.8	12.1	5.9	77	1.1	0
58345	2011	12	29	6.7	10.6	3.6	81	2.3	0
58345	2011	12	30	4.4	8.2	1.1	69	1.8	8.3
58345	2011	12	31	3.7	9.6	-0.3	78	0.4	7.4
58345	2012	1	1	3.8	8.1	0.7	74	1.3	0
58345	2012	1	2	2.9	8	-2.3	68	1	7.7
58345	2012	1	3	2.6	4.4	0.2	55	2	0
58345	2012	1	4	0.6	4.7	-2.4	38	1.8	8.5
58345	2012	1	5	0.2	5.5	-4.5	56	0.3	7.6
58345	2012	1	6	3.4	7.2	1	56	2	5.5
58345	2012	1	7	3	8.8	-3	69	2.2	8.2
58345	2012	1	8	3.7	6.1	2.6	90	2	0
58345	2012	1	9	4.8	6.5	3.7	79	1.2	0
58345	2012	1	10	5.5	8.2	3.9	75	1.3	0
58345	2012	1	11	4.2	6.9	2	69	2.2	2.6
58345	2012	1	12	3.3	7.3	-0.9	70	2.3	0
58345	2012	1	13	5.3	6.4	4.5	74	0.9	0
58345	2012	1	14	4.1	5.2	3.4	93	2.3	0
58345	2012	1	15	4.3	5.2	3.8	89	3.3	0
58345	2012	1	16	5.3	8.3	3.6	80	1.5	2.9
58345	2012	1	17	5.8	7.4	4.3	75	3.4	0
58345	2012	1	18	5.6	6.7	4.9	90	2.6	0
58345	2012	1	19	6.2	8.3	4.9	83	2.1	0
58345	2012	1	20	4.7	6.7	3.2	71	2.3	0
58345	2012	1	21	2	5.1	0	86	3.7	0
58345	2012	1	22	-1.4	0.3	-3.1	75	2.4	3
58345	2012	1	23	-1.9	1.9	-5.2	64	1.2	8.7
58345	2012	1	24	-0.4	3.3	-4	69	0.5	2.1
58345	2012	1	25	0	4.3	-2.7	57	1.3	8.7
58345	2012	1	26	0.3	6.7	-4.8	71	1	8
58345	2012	1	27	2.8	7.2	-0.9	83	0.5	1.1
58345	2012	1	28	5.3	6.2	4.5	93	2.4	0
58345	2012	1	29	5.6	9.3	3.9	80	1.8	2.8
58345	2012	1	30	4.8	7.8	3.2	79	1.4	0
58345	2012	1	31	5.7	11.9	1.6	74	1.2	6.6
58345	2012	2	1	2.4	6.3	0.8	80	2.1	0
58345	2012	2	2	-0.3	2.5	-2.5	55	2.8	9.1
58345	2012	2	3	0.4	6	-4.6	63	1.1	8.9
58345	2012	2	4	2.4	7.9	-2.8	78	1.6	4.6
58345	2012	2	5	5.5	8.3	4.3	84	1.1	0
58345	2012	2	6	5.6	6.2	4.9	92	2.1	0
58345	2012	2	7	0.3	5.8	-1.2	42	2.4	8.6
58345	2012	2	8	0.1	3.7	-2.6	37	1.4	5.6
58345	2012	2	9	0.2	5.1	-3.8	60	2.1	4.6
58345	2012	2	10	0.6	2.6	0.1	85	1.3	0
58345	2012	2	11	0.9	6.1	-2.8	82	1.3	2.6
58345	2012	2	12	4.6	5.5	0.5	89	2.7	0
58345	2012	2	13	4.8	5.9	4.3	90	1.2	0
58345	2012	2	14	4.9	6.1	4	94	1.7	0
58345	2012	2	15	3.2	5.8	1.1	88	3.1	0
58345	2012	2	16	3.1	6.9	0.7	83	1.1	0
58345	2012	2	17	3.4	7.2	1.1	66	0.9	7.6
58345	2012	2	18	1.3	5	-1.2	53	1.7	9.6
58345	2012	2	19	1.6	7.4	-3.5	59	1.8	10.2
58345	2012	2	20	3.5	6.8	-0.3	74	1.6	0
58345	2012	2	21	6.2	7.1	4.7	89	0.6	0
58345	2012	2	22	7.6	8.9	6.4	94	2.1	0
58345	2012	2	23	6.6	8.3	4.5	86	2	0
58345	2012	2	24	3.5	4.6	3.2	83	2.1	0
58345	2012	2	25	2.9	3.8	1.6	71	2.8	0
58345	2012	2	26	2.6	5.5	0.6	59	2.6	6.3
58345	2012	2	27	2.9	6.7	-0.2	64	2.5	5.6
58345	2012	2	28	3.7	5.6	1.7	80	2.4	0
58345	2012	2	29	4.6	6.7	1.8	86	2.5	0
58345	2012	3	1	7.1	10.1	5.2	82	1.4	0.9
58345	2012	3	2	5.9	7	5.1	86	1.7	0
58345	2012	3	3	5.1	6.3	4	83	2.5	0
58345	2012	3	4	5.7	6.5	4.8	92	1.2	0
58345	2012	3	5	4.8	5.7	4.2	90	1.7	0
58345	2012	3	6	6.9	11	1.8	76	1.6	3.6
58345	2012	3	7	5.8	8.6	4.7	80	3.1	0
58345	2012	3	8	5.3	7.5	3.1	77	2.9	0
58345	2012	3	9	5.8	8.1	4.4	68	2.8	0
58345	2012	3	10	5.5	10.3	0.1	62	1.1	9
58345	2012	3	11	5.4	9.5	1.2	67	3.2	5.6
58345	2012	3	12	3.7	7.7	-1.1	58	3.3	8.5
58345	2012	3	13	7.3	14.1	0.9	68	2	9.8
58345	2012	3	14	10.2	17.6	3.1	67	3.5	9.7
58345	2012	3	15	10.5	13.4	9.6	83	4.1	0
58345	2012	3	16	11.3	12.8	10.6	86	2.3	0
58345	2012	3	17	10.5	12.5	9.9	88	1.5	0
58345	2012	3	18	12.3	16.1	10.7	81	2.8	0
58345	2012	3	19	6.9	11.3	5.8	79	4.6	0
58345	2012	3	20	7	10.5	4.4	79	2.2	0
58345	2012	3	21	8.5	13.2	2.1	68	3.7	9.2
58345	2012	3	22	9	10.8	7.6	85	2.4	0
58345	2012	3	23	8.1	12.1	5.6	75	3.5	0
58345	2012	3	24	11.7	17.4	6.1	42	2.3	11.2
58345	2012	3	25	12.5	21	4.3	52	1.6	10.8
58345	2012	3	26	12.5	19.4	6.7	69	2	8.7
58345	2012	3	27	16.1	26.1	9	57	1.1	9.1
58345	2012	3	28	17.4	25.5	11	58	2	9.6
58345	2012	3	29	16	20.1	12.3	68	1	0
58345	2012	3	30	14.3	17.3	13	79	2	0
58345	2012	3	31	13.5	19.8	6.8	55	2.6	9.8
58345	2012	4	1	14.9	22.7	6.9	55	2.4	10
58345	2012	4	2	19.6	28.3	11.5	55	2.2	10.8
58345	2012	4	3	12.6	20.5	8.7	54	3.3	10.6
58345	2012	4	4	14.5	22.8	6.5	50	2.3	8.6
58345	2012	4	5	16.6	22.9	11.3	57	2.7	9.5
58345	2012	4	6	16.4	23.3	9.2	42	1.6	9.7
58345	2012	4	7	16.8	22.4	11	58	1.9	10.3
58345	2012	4	8	17.4	22.7	12.9	67	1.6	0
58345	2012	4	9	16.8	22	12.7	79	2.1	5.9
58345	2012	4	10	20	26.4	15.4	77	1.6	3.6
58345	2012	4	11	18.4	21.8	14.9	78	2.9	4.3
58345	2012	4	12	16.1	19.7	12.1	76	2.8	8.4
58345	2012	4	13	14.9	17.8	13.5	83	1.4	0
58345	2012	4	14	15.6	20.9	10.4	78	1.5	6.8
58345	2012	4	15	17.1	21.7	14.7	74	1.1	5.7
58345	2012	4	16	17.5	23.6	11.8	72	0.5	3.7
58345	2012	4	17	17.3	21.8	13.3	70	3.6	9.4
58345	2012	4	18	18.2	22.6	14.2	63	2.3	2.4
58345	2012	4	19	18.4	21.9	15.8	76	1.7	2.7
58345	2012	4	20	16.4	19.8	14.8	80	2.4	0
58345	2012	4	21	15.9	19.5	13.8	81	2.1	1.3
58345	2012	4	22	19.5	27.9	11.9	67	1.2	11.4
58345	2012	4	23	22.7	29.9	14.9	65	1.9	10.8
58345	2012	4	24	22.8	27.3	20.3	77	2	3
58345	2012	4	25	18.9	22.7	16	72	2.8	2.4
58345	2012	4	26	19.1	25.3	13.1	46	1.3	10
58345	2012	4	27	20.9	29.9	11.9	50	1.4	11.4
58345	2012	4	28	22.5	28.8	16	68	1.9	11.1
58345	2012	4	29	22.3	25.8	20.6	82	2.4	0.6
58345	2012	4	30	18.8	21.5	17.9	84	2.6	0
58345	2012	5	1	17.4	17.9	16.7	86	2.2	0
58345	2012	5	2	20.1	25.1	16	72	1.5	11.6
58345	2012	5	3	22.2	27.4	16.3	66	1.2	9.1
58345	2012	5	4	23.7	29.8	19.3	61	0.7	10.1
58345	2012	5	5	24.4	31.3	17.5	53	0.8	9.5
58345	2012	5	6	24.8	32.1	17.5	55	1.2	10.1
58345	2012	5	7	25.8	32.8	19	62	1.7	9.2
58345	2012	5	8	22	25.2	21.1	85	1	0
58345	2012	5	9	19.7	22.9	17	79	2	3.6
58345	2012	5	10	21.3	25.9	16.9	68	2.9	11
58345	2012	5	11	21.3	26.1	15.8	71	3	9.9
58345	2012	5	12	23.2	27.9	18.1	72	2.8	9.6
58345	2012	5	13	22	24.7	21.1	87	1.8	0
58345	2012	5	14	19.9	21.2	17.8	88	1.8	0
58345	2012	5	15	21.3	27.1	15.8	69	1.3	9
58345	2012	5	16	24.3	31.1	18.2	57	2	10.8
58345	2012	5	17	24.6	30.6	19.5	43	1.4	11.5
58345	2012	5	18	25	31.7	17	44	2.4	11
58345	2012	5	19	17.4	25.3	15.5	86	3.1	0
58345	2012	5	20	17.2	20.7	15.2	83	1.9	0
58345	2012	5	21	19.7	24.8	14.9	70	2.2	9.9
58345	2012	5	22	20.5	24.8	15.5	70	1.8	11.5
58345	2012	5	23	20.8	23.2	18.9	77	2	0
58345	2012	5	24	19.9	22.6	17.9	84	1.1	0
58345	2012	5	25	21.5	25.5	18.3	74	1.4	0.9
58345	2012	5	26	22.2	27.2	19.2	69	1.4	6.3
58345	2012	5	27	22.7	29.2	16	59	1.6	11.2
58345	2012	5	28	23.6	28.9	18	53	2.7	11.5
58345	2012	5	29	24	29	20	61	3.1	5.2
58345	2012	5	30	19.3	23	18.2	86	2.5	0
58345	2012	5	31	21.7	25.4	19	71	2	6.7
58345	2012	6	1	21.5	24.2	19.1	73	2.5	0
58345	2012	6	2	22.4	26.8	17.7	63	2.3	11.4
58345	2012	6	3	22.5	25.8	18.4	65	2.1	7.2
58345	2012	6	4	22.7	25.6	20	74	1.7	0
58345	2012	6	5	24.7	29	22	71	2.4	2.9
58345	2012	6	6	23.4	25.6	21.9	77	1.7	0
58345	2012	6	7	25.5	30.2	22.1	77	0.7	0
58345	2012	6	8	28.4	33.3	24.8	65	2	2.9
58345	2012	6	9	28.9	33.9	25.5	63	2.1	2.7
58345	2012	6	10	27.2	30.3	24.3	76	1	0
58345	2012	6	11	26.8	31.1	23.4	71	2.3	3
58345	2012	6	12	27.2	33	24.1	60	1.3	7.7
58345	2012	6	13	27.7	33.6	22.2	63	1.8	10.8
58345	2012	6	14	26.5	30.4	22.6	67	3.1	8.4
58345	2012	6	15	27.4	31.1	24.3	66	2.2	6.2
58345	2012	6	16	25.8	29.4	22.9	70	1.6	0
58345	2012	6	17	23.7	25.5	21.8	79	1.8	0
58345	2012	6	18	24.4	26.4	22.4	79	1	0
58345	2012	6	19	24	27.5	21.9	76	2.3	1.6
58345	2012	6	20	24.8	28.7	21.4	72	2.3	8.1
58345	2012	6	21	26.2	30.1	21	66	2.7	10.3
58345	2012	6	22	25.5	29.3	23	67	2.5	0
58345	2012	6	23	23.4	25.1	22.5	83	2.8	0
58345	2012	6	24	25	29.6	22.1	72	1.2	0
58345	2012	6	25	27.1	32	22.6	71	1.6	6.6
58345	2012	6	26	24.5	28.4	22.9	87	1.9	0
58345	2012	6	27	23.4	25	22.3	88	2.1	0
58345	2012	6	28	25.6	29	23.7	83	2	0
58345	2012	6	29	29.2	33.5	24	75	1.2	3.1
58345	2012	6	30	30.1	35.1	26.6	74	1.5	2.4
58345	2012	7	1	29.3	34.2	25	71	1.5	9.5
58345	2012	7	2	31.2	35.6	26.4	61	3	9.1
58345	2012	7	3	30.1	36.9	25.3	63	1.9	11.1
58345	2012	7	4	30.7	37.6	25.3	67	1.7	6
58345	2012	7	5	33.3	38.2	27.7	55	1.5	9.8
58345	2012	7	6	32.6	36.8	28.8	56	2.3	7.4
58345	2012	7	7	28.4	35	26.7	77	1.4	6.6
58345	2012	7	8	28.8	34.1	25.6	74	1.3	3.4
58345	2012	7	9	30.9	36.6	25.9	67	1.3	6.2
58345	2012	7	10	32.4	35.7	29.1	56	2.6	1.8
58345	2012	7	11	30.1	34.2	26.4	71	3.3	5.1
58345	2012	7	12	29.8	31.5	27.4	67	1.5	0
58345	2012	7	13	25.2	29.8	24.4	87	2.6	0
58345	2012	7	14	24.5	26	22.8	89	1.4	0
58345	2012	7	15	25.5	29	22.1	74	1.1	0
58345	2012	7	16	27.3	31	24.1	75	2.2	4.9
58345	2012	7	17	26.3	28.7	24.8	77	1.8	0
58345	2012	7	18	27.1	31.9	24.1	70	1.6	10.7
58345	2012	7	19	28.4	33.3	23.8	67	1.3	4.1
58345	2012	7	20	29.7	33.9	25.7	73	1.4	5
58345	2012	7	21	30.8	35.8	26	69	1.8	10.8
58345	2012	7	22	31.8	36.8	27.3	63	2.2	11.9
58345	2012	7	23	31.3	35.3	27.3	63	2.8	12.3
58345	2012	7	24	30.8	34.4	27.4	66	2.8	11.8
58345	2012	7	25	30.4	33.9	26.6	64	2.9	11.3
58345	2012	7	26	30.5	35.2	25.8	63	1.9	10
58345	2012	7	27	31.4	35.8	27.1	67	2.4	11.6
58345	2012	7	28	31.4	35.5	27.1	64	2.2	12.3
58345	2012	7	29	32.1	37	27.1	60	1.3	11.6
58345	2012	7	30	31.8	36	27.2	64	2.6	11.8
58345	2012	7	31	30.7	34.4	26.6	62	3.1	11.4
58345	2012	8	1	30.2	34.3	25.9	64	3	11.8
58345	2012	8	2	27.6	31.4	26.3	80	3.2	1.8
58345	2012	8	3	28.4	30.3	25.9	79	3.2	0
58345	2012	8	4	29.8	33.2	26.7	70	3.6	10.7
58345	2012	8	5	29.6	33.4	25.7	66	3.2	10.6
58345	2012	8	6	29.4	33.8	26	66	3.6	9.8
58345	2012	8	7	29.3	33.5	25.8	67	3.5	8.8
58345	2012	8	8	26.5	29.3	24.6	85	7.7	0
58345	2012	8	9	26.7	28.5	25.3	84	3.5	0
58345	2012	8	10	27.9	31.3	26.2	81	2.6	2.4
58345	2012	8	11	28.6	32.3	24.3	78	2.2	4.9
58345	2012	8	12	29.6	34.9	25.5	69	1.4	10.1
58345	2012	8	13	31	36	27.3	70	1.4	7.5
58345	2012	8	14	29.7	34.8	26.5	79	1.8	4.6
58345	2012	8	15	30.6	34.8	26.9	76	1.5	5.7
58345	2012	8	16	29.8	34	27.2	77	2.7	6.8
58345	2012	8	17	30.8	34.5	27.6	73	2	11.3
58345	2012	8	18	31.2	35.1	27.5	70	1.1	7
58345	2012	8	19	30.6	35.4	26.6	67	1.6	6.5
58345	2012	8	20	29.8	34.8	25.9	69	1	10
58345	2012	8	21	29.2	34.2	25.9	74	0.9	3.7
58345	2012	8	22	23.2	26	22.2	78	4.6	0
58345	2012	8	23	23.3	26.2	21.7	70	1.6	0
58345	2012	8	24	25.1	28.2	22.5	72	1.3	0
58345	2012	8	25	26.5	30.3	25	81	1.9	2.3
58345	2012	8	26	27.6	31.8	24.3	76	2	10.7
58345	2012	8	27	27.6	31.5	24.5	75	2.8	7.4
58345	2012	8	28	26	28.5	25.2	79	2.3	3.1
58345	2012	8	29	27.7	32.7	23.5	72	1	9.2
58345	2012	8	30	27.9	32.1	24.4	74	0.9	5
58345	2012	8	31	27.9	31.7	25.1	75	2.7	10.5
58345	2012	9	1	26.7	30.9	24	69	2.8	8.7
58345	2012	9	2	27	31.8	23	71	2.4	10.3
58345	2012	9	3	24.1	25.1	23.3	83	1.8	0
58345	2012	9	4	22.7	24.4	22.1	75	1.8	0
58345	2012	9	5	24.1	28.5	20	68	1.2	10.8
58345	2012	9	6	25.1	28.3	23.2	77	3.2	1.3
58345	2012	9	7	25.9	30.7	23.7	78	1.4	2.8
58345	2012	9	8	24.7	27.4	22.5	83	2.2	0
58345	2012	9	9	22.1	24.6	21.8	89	1.9	0
58345	2012	9	10	23.1	26.8	20.8	80	1.4	2.9
58345	2012	9	11	24.5	28.2	20.7	76	2.2	3.3
58345	2012	9	12	24.5	27.8	22.8	79	1.9	0
58345	2012	9	13	20.3	22.9	18.9	79	2.4	0
58345	2012	9	14	20	23.1	18.3	73	1.3	0
58345	2012	9	15	20.5	26.1	15.3	69	1.3	9.9
58345	2012	9	16	21.7	26.6	17.7	63	2.9	10.2
58345	2012	9	17	20.6	25.3	17.5	56	1.8	2.6
58345	2012	9	18	21.9	27	16.9	56	1.8	8.6
58345	2012	9	19	22.2	28.8	16.2	54	1.2	8
58345	2012	9	20	22.6	29.3	17.2	64	1	8.6
58345	2012	9	21	22.6	25	20.7	81	1.4	1.1
58345	2012	9	22	20	22.4	19.2	85	1.8	0
58345	2012	9	23	21.8	26.2	18.1	76	1.6	7.3
58345	2012	9	24	22.9	27.4	18.1	67	1.5	9.6
58345	2012	9	25	22.5	26.9	18	70	2.5	9.9
58345	2012	9	26	22.6	28.1	18.2	75	2.2	8.6
58345	2012	9	27	24.2	28	21.5	70	2.2	6.4
58345	2012	9	28	21.8	25.9	19.3	69	2.1	2.6
58345	2012	9	29	19.2	24.3	14.6	45	1.7	10.1
58345	2012	9	30	18.6	24.8	12.2	45	1.3	9.8
58345	2012	10	1	18	25	11.1	58	1.1	9.4
58345	2012	10	2	18.5	25.5	12.2	60	0.9	9.5
58345	2012	10	3	18.9	24.5	14.8	62	1.2	3.8
58345	2012	10	4	19.3	25.9	13.3	65	0.6	10.3
58345	2012	10	5	19.3	22.5	16.5	75	0.9	0
58345	2012	10	6	21.1	26.2	17.3	64	1.7	9.5
58345	2012	10	7	20.9	25.2	17	66	1.7	9.1
58345	2012	10	8	19.8	24.4	17.1	58	1.6	10
58345	2012	10	9	20.3	25.9	16.2	66	1.2	9.5
58345	2012	10	10	19.7	26.1	15.1	61	1.4	8.4
58345	2012	10	11	18.3	23.7	13.5	64	0.9	9.3
58345	2012	10	12	18.9	23.1	14.1	59	1.8	8.5
58345	2012	10	13	19.3	21.9	17.3	70	2	0
58345	2012	10	14	20.6	25.4	18.4	69	1.9	5.6
58345	2012	10	15	20.2	25.1	16.3	67	2.5	6.3
58345	2012	10	16	19.8	23.3	17.5	78	1.7	0
58345	2012	10	17	16.8	20.3	13.5	57	2	9.1
58345	2012	10	18	13.8	20.5	8.6	64	0.6	8.9
58345	2012	10	19	16.6	22.5	10.1	64	2.5	8.8
58345	2012	10	20	20.1	27.4	15.9	62	1.1	8.5
58345	2012	10	21	20.4	23.8	16.9	75	0.9	0
58345	2012	10	22	17.5	20	15.9	80	1.6	0
58345	2012	10	23	14.6	20.3	9.2	59	1.2	8.7
58345	2012	10	24	16.3	22.1	10.9	61	0.9	5.7
58345	2012	10	25	17.1	20.2	14.6	74	1	0
58345	2012	10	26	20.8	25.6	17.2	79	1.5	0
58345	2012	10	27	19.3	21.7	17.3	81	1.6	0
58345	2012	10	28	16.2	22.5	12.8	75	1	7.3
58345	2012	10	29	16.3	19.9	14.4	82	2.1	0
58345	2012	10	30	13.8	17.5	12.4	77	2.8	0
58345	2012	10	31	13.6	18	9.6	62	1.2	8.8
58345	2012	11	1	12.9	17.4	9.5	67	1.1	9.2
58345	2012	11	2	14.3	20	8.6	71	1.7	8.4
58345	2012	11	3	16.7	22.4	13.6	76	2.9	4.5
58345	2012	11	4	12.6	17.8	8.6	44	2.8	9.4
58345	2012	11	5	10.7	16.2	4.5	50	1.5	9.1
58345	2012	11	6	10.3	15.9	4.7	52	0.9	8.9
58345	2012	11	7	10.2	17.7	4.4	68	0.6	7.1
58345	2012	11	8	12	14.2	8.1	82	0.9	0
58345	2012	11	9	13.1	14.1	11.9	89	2.7	0
58345	2012	11	10	14.2	15.4	13.4	87	1.9	0
58345	2012	11	11	11.1	14.2	8.2	47	2.7	8.2
58345	2012	11	12	9.9	17.4	3.4	54	0.9	8.5
58345	2012	11	13	11.4	17.5	5.5	52	2.1	8.8
58345	2012	11	14	8.6	14.6	3.5	61	1.2	8.7
58345	2012	11	15	9.8	14	4.1	61	3.1	7.8
58345	2012	11	16	10.6	12.2	8.7	84	1.6	0
58345	2012	11	17	9.3	14.6	6.1	71	1.5	7.5
58345	2012	11	18	8.2	16.5	3.3	73	1.6	8.5
58345	2012	11	19	10.1	15.8	4.3	73	1.7	7.9
58345	2012	11	20	11.1	15.8	6.1	73	2.8	6.2
58345	2012	11	21	12.3	13.2	11.3	87	1.9	0
58345	2012	11	22	11.4	12.6	10.5	88	2.5	0
58345	2012	11	23	8.7	10.6	7.2	80	2.2	0
58345	2012	11	24	6.5	10.1	1.9	69	1.4	7.4
58345	2012	11	25	8.6	9.9	6.6	82	2.2	0
58345	2012	11	26	6	9	4.2	76	1.5	7.7
58345	2012	11	27	6.5	14.5	0.1	71	1.1	8.2
58345	2012	11	28	11.5	17.6	6.9	56	1.3	9
58345	2012	11	29	9.2	12.8	5.2	66	1.2	7.8
58345	2012	11	30	9.3	11.5	8.1	80	2	0
58345	2012	12	1	7.5	9	6.9	79	2.4	0
58345	2012	12	2	7.4	9.8	5.1	81	1.5	0
58345	2012	12	3	8.5	10.9	6.9	70	1.6	2.1
58345	2012	12	4	5	10.5	0.1	61	1.5	7.9
58345	2012	12	5	7.8	12.8	4.8	43	2.8	8.2
58345	2012	12	6	4.1	10.6	-1.7	51	1.4	8
58345	2012	12	7	7.8	13.6	1.3	49	1.5	8.1
58345	2012	12	8	5.2	12	0.5	61	1.3	8.2
58345	2012	12	9	2.1	5.4	-0.6	43	1.3	7.3
58345	2012	12	10	2	4.9	-1	52	1.6	0
58345	2012	12	11	3.8	8.1	0.2	64	1.1	7.4
58345	2012	12	12	3.7	9.1	-0.3	72	2.2	7.8
58345	2012	12	13	10	15.9	3.8	72	2.4	1
58345	2012	12	14	9.4	12.9	7	95	1.3	0
58345	2012	12	15	5.8	7.1	5	100	1	0
58345	2012	12	16	7.4	8.3	6.5	100	1.8	0
58345	2012	12	17	6.6	8	5.5	77	2.3	0
58345	2012	12	18	2.4	5.5	0.5	59	2.9	2.9
58345	2012	12	19	0.1	4.9	-4.5	67	1.4	8.7
58345	2012	12	20	5.1	7.4	0.6	84	3.4	0
58345	2012	12	21	4.6	7.9	2.7	85	4	0
58345	2012	12	22	2.8	3.7	2.2	83	2.3	0
58345	2012	12	23	0.2	3.2	-1.3	63	2	4.2
58345	2012	12	24	-1.1	4.7	-5.1	71	1	7.3
58345	2012	12	25	2	6.9	-1.9	72	2	6.7
58345	2012	12	26	2	3.4	0.4	85	2.8	0
58345	2012	12	27	4.1	5.2	1.9	90	1.6	0
58345	2012	12	28	4.2	5.4	2.7	87	2.4	0
58345	2012	12	29	2.7	5.2	0.3	90	1.9	0
58345	2012	12	30	-1.8	0.8	-4.3	50	3.4	8.4
58345	2012	12	31	0.3	6.2	-3.1	52	2	9
58345	2013	1	1	3.1	11.2	-2.7	53	1.4	9.3
58345	2013	1	2	1.4	5.4	-1.1	65	2.7	3.3
58345	2013	1	3	-2.5	0.1	-3.8	54	2.7	0
58345	2013	1	4	-1.9	0.1	-3.6	68	0.8	0
58345	2013	1	5	0	2.1	-1.9	72	1.1	0
58345	2013	1	6	0.2	3	-1.7	73	1.1	0
58345	2013	1	7	1.7	3.6	-0.1	62	0.7	0
58345	2013	1	8	2.1	5.9	-1.8	64	1.6	6.6
58345	2013	1	9	2.4	6	-1.5	69	1.1	3.9
58345	2013	1	10	0.6	5.4	-2.8	74	1.6	6.2
58345	2013	1	11	2	8	-2.4	75	1.7	3.4
58345	2013	1	12	3.4	10	-2	70	1	4
58345	2013	1	13	5.7	7.9	4.5	83	1.5	0
58345	2013	1	14	3.9	6.7	1.6	88	0.7	0
58345	2013	1	15	3.3	6.8	0	81	2.1	2.3
58345	2013	1	16	3.3	4.4	2.2	65	1.6	0
58345	2013	1	17	1.5	4.4	0.2	60	2.7	3.6
58345	2013	1	18	-0.5	5.6	-5.5	66	1.2	8.3
58345	2013	1	19	1.9	9.1	-4.4	70	2.1	8.6
58345	2013	1	20	7.2	10.5	3.8	76	1.5	0
58345	2013	1	21	4.9	8.7	2.7	84	2.9	0
58345	2013	1	22	2.9	3.6	2.3	85	2.2	0
58345	2013	1	23	4.3	8.9	2.4	73	1.7	7.4
58345	2013	1	24	3.3	8.3	-0.2	79	1	3.3
58345	2013	1	25	2.6	11.2	-2.5	75	0.6	7.6
58345	2013	1	26	4.1	12	-2.1	70	0.8	8
58345	2013	1	27	4.4	8.1	2.6	75	2.1	2.5
58345	2013	1	28	4.8	13.7	-1.4	75	0.9	6.9
58345	2013	1	29	9.1	16.3	4.5	64	1.2	7
58345	2013	1	30	8.4	16.5	2.1	70	2.2	7.2
58345	2013	1	31	11.7	15.3	9.2	73	1.6	0
58345	2013	2	1	10.8	13.4	9.3	86	1.7	0
58345	2013	2	2	7	9.6	5.9	74	3.2	0
58345	2013	2	3	8.4	12.9	5.6	80	3.2	0
58345	2013	2	4	8.1	10.6	6.2	82	2.8	0
58345	2013	2	5	5.4	6.4	4.9	88	2.6	0
58345	2013	2	6	4.3	5.1	3.7	81	2.4	0
58345	2013	2	7	1	4.5	-2.2	78	3.7	0
58345	2013	2	8	-2.9	-2	-3.7	71	2.7	0
58345	2013	2	9	-1.1	2.2	-4.1	72	0.6	3.3
58345	2013	2	10	1.1	6.8	-3.4	76	1.2	7.8
58345	2013	2	11	4.5	7.3	1.3	71	3.5	0
58345	2013	2	12	3.5	5.9	2.1	85	2	0
58345	2013	2	13	3.7	7.7	-0.6	76	2.2	2.8
58345	2013	2	14	5.6	6.5	4.7	87	0.9	0
58345	2013	2	15	5.6	9.1	4.1	76	1.8	0
58345	2013	2	16	5.2	10.4	0.9	76	3.5	8.2
58345	2013	2	17	8.1	8.9	6.7	84	1.2	0
58345	2013	2	18	5	8.5	1.6	88	2.9	0
58345	2013	2	19	0.7	3.5	-0.5	81	1	2.4
58345	2013	2	20	2.7	7.8	-1.8	76	1.2	8.6
58345	2013	2	21	6.6	9.5	3.1	67	2.6	0
58345	2013	2	22	7.9	13.4	4.2	73	0.6	3.7
58345	2013	2	23	6.7	13.3	1.9	75	1.8	8.7
58345	2013	2	24	9.6	16.2	4.9	65	3.8	9.5
58345	2013	2	25	12.2	17.3	9.6	75	2.5	4
58345	2013	2	26	11.6	12.9	11.1	84	1.7	0
58345	2013	2	27	9.7	11.2	8.3	76	2.8	0
58345	2013	2	28	12.8	17.4	7.2	74	1.9	8.5
58345	2013	3	1	7.7	15.7	4.5	63	5.1	0
58345	2013	3	2	3.8	6.7	0.6	46	2.4	5.2
58345	2013	3	3	5	12.9	-0.9	60	1.4	9.2
58345	2013	3	4	11.8	19.5	3.9	38	1.8	9
58345	2013	3	5	11.5	19.3	6.1	60	1.2	9
58345	2013	3	6	13.9	24.9	5.8	62	1.1	10
58345	2013	3	7	18.7	24.3	11.7	33	2.1	8.4
58345	2013	3	8	20.7	28.9	12	34	2.5	9.5
58345	2013	3	9	22.4	31	14.1	37	1.5	8.4
58345	2013	3	10	9.1	23	7.4	44	5	0
58345	2013	3	11	7	9.2	5.2	74	3.4	0
58345	2013	3	12	13.5	21	6.2	72	1.3	6.6
58345	2013	3	13	7.8	18.2	5.8	74	3.4	0
58345	2013	3	14	4.8	9.7	0.8	57	1.9	9.3
58345	2013	3	15	8.6	14.3	2.7	67	2	9.4
58345	2013	3	16	10.6	15.3	6.5	83	1.8	0
58345	2013	3	17	12.3	13.9	11.2	88	2.1	0
58345	2013	3	18	15	22	10.4	67	2.7	9.2
58345	2013	3	19	15.6	22.2	10.3	68	1.8	4
58345	2013	3	20	10.1	15.8	6.2	71	2.9	0
58345	2013	3	21	8	14.3	1.8	68	3	10
58345	2013	3	22	13.4	20.4	8.9	77	2.4	4.9
58345	2013	3	23	10.5	12.8	9.6	81	2.7	0
58345	2013	3	24	9.3	11.1	6.4	78	2.9	0
58345	2013	3	25	7.2	11.2	2.3	57	3.4	9.2
58345	2013	3	26	7.6	8.7	6.1	68	3.4	0
58345	2013	3	27	10.2	15.9	7.4	75	1.5	2.7
58345	2013	3	28	13.5	20.7	5.8	68	1.2	8.3
58345	2013	3	29	11	16.4	9.7	75	3.4	0
58345	2013	3	30	12.4	17.6	6.7	68	2.4	9.2
58345	2013	3	31	11.9	16.2	8.7	64	3.2	9.8
58345	2013	4	1	13.4	19.9	8.3	70	2	6.5
58345	2013	4	2	13.3	17.3	10.3	46	2.4	10.4
58345	2013	4	3	13.1	18.3	7.4	57	2.1	5.6
58345	2013	4	4	15.2	20	10.7	70	3.3	9.2
58345	2013	4	5	14.5	17.2	12.5	86	2.6	0
58345	2013	4	6	10.5	15	7.8	55	3.5	6.1
58345	2013	4	7	10.6	16.6	2.8	43	1.4	10.7
58345	2013	4	8	14.4	22.3	6.7	47	1.6	7
58345	2013	4	9	14.6	18.7	9.4	36	1.9	9.1
58345	2013	4	10	14	19.8	5.3	32	1.4	10.4
58345	2013	4	11	14.2	21.1	8.3	31	1.5	6.1
58345	2013	4	12	16.6	24.9	8.6	46	1.4	10.3
58345	2013	4	13	19.4	28.5	10	43	1	8.7
58345	2013	4	14	20.6	27.9	16.6	39	3.2	10.6
58345	2013	4	15	21.9	32.2	12	48	1.7	9.8
58345	2013	4	16	22.2	28.8	17.5	49	1	0
58345	2013	4	17	18.6	25	12.9	64	2.4	8.9
58345	2013	4	18	16.7	20.8	12.8	63	3.1	0
58345	2013	4	19	12.8	15.6	9.5	46	4.6	4.8
58345	2013	4	20	8.7	14	7.9	75	2.9	0
58345	2013	4	21	9.9	14.1	5.6	56	2.3	8.9
58345	2013	4	22	11.7	15.9	7.4	65	2.6	3.6
58345	2013	4	23	13.5	17.1	11.6	81	1.3	0
58345	2013	4	24	15.9	21.1	12	73	0.9	0
58345	2013	4	25	19.5	27.3	11.9	62	1.7	11.2
58345	2013	4	26	18.1	25.2	10.6	48	1.3	10.5
58345	2013	4	27	21.3	31.2	12	51	1.3	10.4
58345	2013	4	28	22.1	30.7	14.8	60	1.3	9.6
58345	2013	4	29	21.7	25.8	18.1	56	2.2	2.2
58345	2013	4	30	16.4	22.9	12.6	60	1.7	4.7
58345	2013	5	1	18.5	24.4	11.3	52	1.3	9.5
58345	2013	5	2	18.3	23.1	13.7	49	2.2	10.8
58345	2013	5	3	19.2	26.1	13.2	55	1.8	7.8
58345	2013	5	4	19.9	25.4	15.5	61	2.7	9.5
58345	2013	5	5	20.4	25.5	15.7	64	3.7	9.1
58345	2013	5	6	18.2	21.4	17.4	85	2.5	0
58345	2013	5	7	19.5	23	17.6	85	2.6	0
58345	2013	5	8	19.3	21.8	17.8	93	2.7	0
58345	2013	5	9	20.6	23.7	18.9	96	1.6	0
58345	2013	5	10	19.9	24.1	16.9	84	2	0
58345	2013	5	11	21.7	28	17.6	72	1.6	9.1
58345	2013	5	12	23.1	31.1	15.5	62	1.6	11
58345	2013	5	13	24.3	33.7	15.8	54	1.4	11.2
58345	2013	5	14	25.7	32.3	19.5	73	1.7	11.6
58345	2013	5	15	23.6	27.6	21.9	85	3.9	0
58345	2013	5	16	18.8	22.1	16.9	97	4.3	0
58345	2013	5	17	19.7	20.6	18.9	98	2.8	0
58345	2013	5	18	20.8	22.2	19.7	93	1.4	0
58345	2013	5	19	22.3	27.6	18.3	75	1.8	8.8
58345	2013	5	20	24.3	30.3	18.6	69	1	5
58345	2013	5	21	25.4	31.9	18.7	66	1.1	10.3
58345	2013	5	22	25.3	31.8	19.9	72	1.8	9
58345	2013	5	23	24.1	26.7	22.9	86	2	0
58345	2013	5	24	26.4	31.8	21.5	79	1.9	9.1
58345	2013	5	25	26.8	31.3	22.5	76	2.7	3.9
58345	2013	5	26	24.1	26.4	20.9	80	2.6	0
58345	2013	5	27	22.7	26.2	20.9	84	2.2	0
58345	2013	5	28	24.3	30.1	20.3	72	1.6	8.6
58345	2013	5	29	23.3	29.9	21.2	79	1.8	2.2
58345	2013	5	30	17.1	22.1	15.4	90	1.8	0
58345	2013	5	31	20.6	24.6	17	87	0.7	0
58345	2013	6	1	21.2	23	20	92	1.2	0
58345	2013	6	2	20.5	24.4	18.6	85	1.9	1.5
58345	2013	6	3	23	29.9	15.9	73	2	10.8
58345	2013	6	4	22.4	26.7	18.7	78	2	2.6
58345	2013	6	5	25.6	30.4	20.5	75	3	11
58345	2013	6	6	26	29.8	22.5	79	2.5	2.6
58345	2013	6	7	22.4	25.6	21.1	96	3.6	0
58345	2013	6	8	19.8	21.5	19.4	95	3.4	0
58345	2013	6	9	20.2	21	18.7	93	1.7	0
58345	2013	6	10	23.2	26.8	19.2	79	1.4	2.6
58345	2013	6	11	21	24.5	19.4	89	1	0
58345	2013	6	12	20.7	24.6	18.5	82	0.9	0
58345	2013	6	13	21.4	26.1	17	83	2.5	4.6
58345	2013	6	14	23.3	27.3	19.5	83	3.1	9.8
58345	2013	6	15	25	28.7	22.4	87	2.2	2.8
58345	2013	6	16	28.3	33.7	24.1	83	1.6	2.9
58345	2013	6	17	31.7	36.5	25.4	69	1.6	11.6
58345	2013	6	18	33	37.5	29.4	64	1.7	10.3
58345	2013	6	19	30.4	33.7	27.3	79	1.6	0
58345	2013	6	20	26.2	29.6	24.5	78	2.1	0.8
58345	2013	6	21	26.5	31.5	21.1	72	1.7	9.6
58345	2013	6	22	27.1	30.3	24.3	80	2.6	9.3
58345	2013	6	23	27	31.5	24.9	89	1.7	0
58345	2013	6	24	25.4	27.6	23.5	93	1.3	0
58345	2013	6	25	24.7	30	21.7	95	1.9	0
58345	2013	6	26	24	26.9	21.2	88	1.7	0
58345	2013	6	27	23.6	25.2	22.4	92	1.1	0
58345	2013	6	28	23.7	27	21.9	88	2.1	0
58345	2013	6	29	25.7	29.1	21.6	83	1.8	7.8
58345	2013	6	30	27.2	33.2	23.9	86	1.7	6
58345	2013	7	1	30	36.5	25.3	76	1.2	5.5
58345	2013	7	2	32.2	36.4	27.3	64	2.8	10.3
58345	2013	7	3	32.4	36.5	28.7	58	2.6	10.6
58345	2013	7	4	33	37.3	29.9	56	2.8	9
58345	2013	7	5	27.2	32.9	22.6	79	2	0
58345	2013	7	6	25.1	29.2	22.1	93	1.9	0
58345	2013	7	7	29.1	34.5	24.6	77	1.9	6.3
58345	2013	7	8	31.7	36.1	27.7	66	2.2	9.2
58345	2013	7	9	32.1	36.7	27.1	64	1.5	10.4
58345	2013	7	10	33	37.4	26.9	59	1.5	11.9
58345	2013	7	11	33.1	37.4	28.6	61	1.3	11.3
58345	2013	7	12	31.3	36.3	26.6	68	1.6	10.5
58345	2013	7	13	30.5	34.3	26.7	73	3.5	12.1
58345	2013	7	14	31.3	35.8	27.6	63	3.1	12.2
58345	2013	7	15	30	33.2	27.5	62	2.6	5.5
58345	2013	7	16	30	32.7	25.9	63	1.9	3.1
58345	2013	7	17	31.3	35.5	26.1	69	1.4	11.6
58345	2013	7	18	31.4	36.6	27.7	68	1.6	10.5
58345	2013	7	19	31.8	37.3	26.8	61	1.9	9.9
58345	2013	7	20	30.4	36.3	25.4	72	1.3	6.1
58345	2013	7	21	26.7	33.6	24.5	91	1.2	2
58345	2013	7	22	28.6	32.9	24.6	82	1.5	4.9
58345	2013	7	23	32.3	36.6	25.4	60	2.3	12.5
58345	2013	7	24	32.8	37.3	29	61	2	12.4
58345	2013	7	25	33.4	37	29.5	63	1.8	11.1
58345	2013	7	26	33	37.9	29.7	70	1.1	4.3
58345	2013	7	27	33.1	37.6	29.8	65	1.7	8.5
58345	2013	7	28	33.6	36.9	30.1	58	2	11.7
58345	2013	7	29	33.8	37.5	29.4	60	2.2	11.8
58345	2013	7	30	34.1	38.7	28.6	55	2.5	11.7
58345	2013	7	31	32.9	39.1	27.2	61	1.9	9.4
58345	2013	8	1	30.8	37	26.9	71	1.5	6
58345	2013	8	2	30.8	36.9	25.9	69	2.2	12.1
58345	2013	8	3	31.7	35.2	28.2	61	2.6	1.7
58345	2013	8	4	31.4	37.5	28.2	67	2.7	8.3
58345	2013	8	5	33.3	39.4	28.1	61	2.2	10.1
58345	2013	8	6	34.5	40.9	28.3	57	1.7	11.3
58345	2013	8	7	34.6	40.4	29.8	51	1.2	10.6
58345	2013	8	8	35.1	40	28.6	50	2.2	11.4
58345	2013	8	9	35.3	40.4	31.1	50	1.9	11.8
58345	2013	8	10	34.9	41.5	31.1	57	1.7	10.6
58345	2013	8	11	33.6	40.6	29.3	59	1	10
58345	2013	8	12	32.9	38.7	27.1	61	1.2	8.5
58345	2013	8	13	32.6	37.8	27.4	70	2	11.3
58345	2013	8	14	32.7	37.6	28.2	66	2.2	11.7
58345	2013	8	15	32	37.5	28.2	71	1.4	8.1
58345	2013	8	16	31.8	36.4	28.1	74	1.9	8.7
58345	2013	8	17	31.9	37.3	27	68	1.8	11.2
58345	2013	8	18	31	35.8	26.8	72	2.2	10.4
58345	2013	8	19	28.8	34.2	26.2	85	3.3	4.4
58345	2013	8	20	30	35.3	27.1	84	2.2	9
58345	2013	8	21	29.5	33.2	27	82	2.9	3.9
58345	2013	8	22	29.7	31.7	28.1	81	4.7	0.7
58345	2013	8	23	31	35.6	27.3	76	3.3	7.3
58345	2013	8	24	30.6	37.3	26.8	78	1.5	9.1
58345	2013	8	25	27.5	30.2	25.2	88	1.5	0
58345	2013	8	26	25.9	27.3	25.2	95	1.1	0
58345	2013	8	27	27	30.2	25	88	1.3	0
58345	2013	8	28	29.7	34.3	26	85	1.5	9.5
58345	2013	8	29	31.4	35.7	27.4	77	1.4	8
58345	2013	8	30	29.4	32.6	27.3	72	2.3	4.5
58345	2013	8	31	24.7	27.8	21.7	67	2.9	8.6
58345	2013	9	1	24.9	28.8	19.6	62	1.9	11.2
58345	2013	9	2	24.7	29.5	20.7	62	2.1	9.7
58345	2013	9	3	25.6	29.9	22.8	65	2.3	6.5
58345	2013	9	4	24.1	28.4	18.6	65	1.5	7.4
58345	2013	9	5	19.7	24.4	18.3	88	1.9	0
58345	2013	9	6	19.2	20.7	17.7	95	1.6	0
58345	2013	9	7	21.4	23.9	19.5	90	0.8	0
58345	2013	9	8	23.8	27.7	20.4	83	1.4	0.6
58345	2013	9	9	26.5	32.3	21.4	80	0.8	10.1
58345	2013	9	10	28.3	33.3	23.3	77	1.5	7
58345	2013	9	11	24.9	27.5	24.3	91	1.7	0
58345	2013	9	12	26.6	30.3	23.8	88	0.9	0
58345	2013	9	13	27.4	32.1	23.6	85	0.7	3.1
58345	2013	9	14	27	31.6	22.9	83	1.3	9.8
58345	2013	9	15	26.9	30.9	24	81	1.8	6.9
58345	2013	9	16	25.6	30.8	21.9	78	1.4	9.3
58345	2013	9	17	24.5	28.7	19.4	74	1.9	11.2
58345	2013	9	18	25.2	29.6	21.3	74	2.7	11.1
58345	2013	9	19	26.2	30.6	21.5	78	2.2	9.9
58345	2013	9	20	26.1	30.2	22.4	80	2.2	9.7
58345	2013	9	21	26.2	30.5	23.5	85	3.2	8
58345	2013	9	22	27.5	30.9	24.7	82	3.8	7
58345	2013	9	23	27.5	30.7	26	85	2.7	0
58345	2013	9	24	24.3	28.4	20	88	2	0
58345	2013	9	25	18.5	20.3	16.2	80	2	0
58345	2013	9	26	20.5	24.7	14.9	62	1.5	8.3
58345	2013	9	27	20.9	23.7	17.4	71	1.4	0.8
58345	2013	9	28	18.9	21.2	17.9	91	0.8	0
58345	2013	9	29	19.2	24.3	16	88	1	2.3
58345	2013	9	30	21.2	26.7	16.9	82	1.2	9.7
58345	2013	10	1	20.5	26.8	15.7	79	0.7	9.9
58345	2013	10	2	20.4	24.4	17.6	70	2.5	7.9
58345	2013	10	3	19	24.3	12.5	69	1.2	9.6
58345	2013	10	4	19.2	25.2	13.3	76	1.2	9.9
58345	2013	10	5	20.3	26.4	14.6	78	1.6	9.4
58345	2013	10	6	20.4	23.9	18.7	93	2.3	0
58345	2013	10	7	22.4	23.2	21.2	97	4.3	0
58345	2013	10	8	20.9	22.1	20.4	96	2.4	0
58345	2013	10	9	21.4	25	17.9	88	1.1	3.1
58345	2013	10	10	22.9	30.1	17.8	84	1.2	10.1
58345	2013	10	11	22.4	27.8	18.3	83	1.4	10.3
58345	2013	10	12	21.5	27.7	17	74	2	9.5
58345	2013	10	13	21.3	26.1	16.1	76	2.7	10.3
58345	2013	10	14	22.3	27.6	16.5	74	1.6	8.6
58345	2013	10	15	16.9	22.3	13.9	73	4.4	0
58345	2013	10	16	14.6	18	10.7	59	1.5	7.8
58345	2013	10	17	15.8	18.6	13.7	74	1	0.6
58345	2013	10	18	18.7	23	13.7	77	1.7	7.3
58345	2013	10	19	18.5	20.8	17.3	87	1.2	0
58345	2013	10	20	18.2	23.2	14.4	80	0.9	7.2
58345	2013	10	21	16.9	21.2	12.2	64	1.5	8.6
58345	2013	10	22	15.8	21.5	11.4	77	0.8	4.7
58345	2013	10	23	16	22.1	11.1	80	0.4	9.3
58345	2013	10	24	15.9	20.8	11.4	75	2	5.9
58345	2013	10	25	14	18.3	10.5	63	2.5	6.1
58345	2013	10	26	13.3	18.6	8	64	1	9.1
58345	2013	10	27	13	20.5	7	77	1.1	9.1
58345	2013	10	28	16	24.7	10.6	75	1	7.9
58345	2013	10	29	17.1	24	11.8	80	0.9	4.1
58345	2013	10	30	18.8	21.6	16.4	82	2.9	0
58345	2013	10	31	16.6	18.6	16.2	93	3.3	0
58345	2013	11	1	18.2	22.3	16.5	85	2.8	1
58345	2013	11	2	17.8	22.2	14.3	89	0.9	0
58345	2013	11	3	16.7	18.8	15.4	90	1.5	0
58345	2013	11	4	14.6	19.6	11.1	76	1	8.3
58345	2013	11	5	14.1	20.9	9.1	81	1.2	8.3
58345	2013	11	6	14.8	21.5	10.5	77	0.8	6.2
58345	2013	11	7	16.6	23.8	10	66	0.9	8.6
58345	2013	11	8	16.2	22.8	11.2	80	1.5	7
58345	2013	11	9	21	27.7	16.2	81	1.2	0
58345	2013	11	10	15	21.3	12.8	88	2.5	0
58345	2013	11	11	13.1	14.7	12.2	66	1.7	2.1
58345	2013	11	12	12.1	14.2	10.2	75	1.2	0
58345	2013	11	13	13	15.1	10.8	73	1.4	0
58345	2013	11	14	12.9	14.7	11.8	85	1.6	0
58345	2013	11	15	11.9	17.7	9.1	72	1.4	8
58345	2013	11	16	13.2	19.9	5.8	58	2.3	9
58345	2013	11	17	10.8	16.1	8	44	1.6	9.4
58345	2013	11	18	7.6	14.9	2.1	64	0.8	8.4
58345	2013	11	19	8	16.6	1.5	68	0.8	8.6
58345	2013	11	20	9.2	19.1	2.8	69	0.6	7.9
58345	2013	11	21	11.4	17.5	7	77	1.3	3.1
58345	2013	11	22	11.7	18.1	7.6	85	1.4	6.4
58345	2013	11	23	14.1	18.8	10	85	1.7	0
58345	2013	11	24	11.9	15.2	8.9	88	2.3	0
58345	2013	11	25	9.4	14.2	6.8	68	1.8	8.5
58345	2013	11	26	8.4	14.9	2.5	73	1.1	4.1
58345	2013	11	27	8.8	11	6.8	54	2.4	2.8
58345	2013	11	28	4.3	9.5	-1.1	44	2.3	8.1
58345	2013	11	29	5.2	10.9	0.8	43	1.8	8.6
58345	2013	11	30	5.8	14.7	-1.6	64	1.1	8.4
58345	2013	12	1	7.4	12.9	1.3	62	1.5	8.5
58345	2013	12	2	6.6	17.6	-0.4	70	0.8	8.5
58345	2013	12	3	9	18.6	2.4	68	0.6	4.3
58345	2013	12	4	10.4	15.1	7.5	76	0.7	0
58345	2013	12	5	8.7	17	2.4	82	0.5	3.8
58345	2013	12	6	7.9	10.8	6	81	1.2	0
58345	2013	12	7	5.5	12.4	1	96	1	0
58345	2013	12	8	7.5	11.5	4	98	0.5	0
58345	2013	12	9	6.9	9.8	5.7	77	2.4	0
58345	2013	12	10	4.5	9.7	-1.6	56	1.3	8.8
58345	2013	12	11	5	10.2	0.8	50	1.7	6.1
58345	2013	12	12	5	14.4	-1.9	63	0.7	8.3
58345	2013	12	13	5.6	12	1.1	70	1.2	8.5
58345	2013	12	14	6.7	12.2	2.5	85	1.5	3.9
58345	2013	12	15	8.7	11.8	5.9	78	1.8	0
58345	2013	12	16	5.4	9.4	4.8	88	2.8	0
58345	2013	12	17	4.9	5.8	4.1	93	2.8	0
58345	2013	12	18	5.5	8.4	3.6	74	1.8	8
58345	2013	12	19	2.4	5	0.6	76	1.5	0
58345	2013	12	20	1.7	5.1	-0.9	73	1.4	0
58345	2013	12	21	-0.2	4.4	-4	69	0.9	8.3
58345	2013	12	22	-0.4	5.7	-3.9	80	1.3	8.5
58345	2013	12	23	1.1	6.9	-3.3	83	0.6	7
58345	2013	12	24	1.6	6.7	-2.5	75	0.7	0
58345	2013	12	25	2.4	8.2	-1.3	80	0.2	1.8
58345	2013	12	26	3	5.6	1	66	1.8	0
58345	2013	12	27	-0.7	2.9	-3.7	45	1.2	8.6
58345	2013	12	28	-0.1	5.8	-4.8	51	0.9	4.5
58345	2013	12	29	0.8	6.9	-4.4	52	0.8	8
58345	2013	12	30	4.2	11.4	-4.6	44	1.8	8.4
58345	2013	12	31	8.2	14.8	3.2	32	2.7	8.3
58345	2014	1	1	8.2	16.6	3.5	45	1.2	8.3
58345	2014	1	2	6.5	16.1	-0.6	61	1	7.6
58345	2014	1	3	10.8	16.1	7	49	1.5	5.6
58345	2014	1	4	6	10.7	4	71	0.7	0
58345	2014	1	5	3.8	12.7	-1.6	77	0.8	5.5
58345	2014	1	6	6.8	12.8	1.3	76	3.3	8.5
58345	2014	1	7	8.4	9.4	7.2	88	1.4	0
58345	2014	1	8	6	8.7	4	88	2.5	0
58345	2014	1	9	2.1	5.3	-1.4	72	1.7	8.6
58345	2014	1	10	2.9	7.8	-2	77	2.3	8.2
58345	2014	1	11	4.6	5.4	4.2	86	2.6	0
58345	2014	1	12	5.6	8	4.2	86	0.8	0
58345	2014	1	13	3.3	6	1.3	80	1.8	2.5
58345	2014	1	14	2.2	7.1	-1.8	75	1.1	8.3
58345	2014	1	15	1.4	7	-3	76	1.4	8.7
58345	2014	1	16	4.4	11.5	-0.9	73	0.8	8.9
58345	2014	1	17	6.5	12.5	2.2	69	1.3	7.7
58345	2014	1	18	3.4	7.6	1.5	75	1.6	0
58345	2014	1	19	3.5	11.7	-3.2	70	1	7.9
58345	2014	1	20	6.1	10.8	4.1	45	2.1	8.3
58345	2014	1	21	2.6	7.3	-0.6	41	1	9.1
58345	2014	1	22	0.2	8.7	-5.4	63	1.2	9.3
58345	2014	1	23	3	13	-4.4	65	1	9.9
58345	2014	1	24	6.5	17.7	-1	70	0.9	9.4
58345	2014	1	25	10.1	12.6	4.4	52	2.6	0
58345	2014	1	26	6	9.6	3.9	67	2.5	8.4
58345	2014	1	27	6.6	14.5	1.3	71	0.9	8.4
58345	2014	1	28	7.7	13.4	3.8	76	1.8	4.6
58345	2014	1	29	8.1	9.8	7.2	90	2.1	0
58345	2014	1	30	8.9	17.3	4.6	90	0.9	5.2
58345	2014	1	31	10.7	15.9	6.7	90	2.1	6.1
58345	2014	2	1	14.6	23.8	8.7	78	1.4	7.4
58345	2014	2	2	11.9	15.5	10.7	91	1.5	0
58345	2014	2	3	8.2	11.9	4.3	83	2.8	0
58345	2014	2	4	3.5	6.6	0.2	58	3.4	7
58345	2014	2	5	3.5	5.1	1.8	86	4.9	0
58345	2014	2	6	5.4	5.8	4.6	96	1.9	0
58345	2014	2	7	2.4	5.8	1.4	94	2.3	0
58345	2014	2	8	1.4	2.3	0.3	75	2.6	0.6
58345	2014	2	9	0.4	1.7	-0.9	72	4.1	0
58345	2014	2	10	-1.6	1.2	-3.7	64	2.7	6.6
58345	2014	2	11	-0.8	2.6	-4.1	62	1.4	9.2
58345	2014	2	12	0.8	3.8	-2.3	71	1.6	1.2
58345	2014	2	13	2.7	5.9	0.3	82	2.1	1.7
58345	2014	2	14	2.5	6.9	-1.5	76	0.7	6.3
58345	2014	2	15	2.9	8.8	-2.3	71	2	9.5
58345	2014	2	16	6	7.1	4.8	92	2	0
58345	2014	2	17	6.3	6.8	5.8	96	2.2	0
58345	2014	2	18	1.3	5.8	0.3	95	2.2	0
58345	2014	2	19	2.5	5.8	0.5	82	2	6.8
58345	2014	2	20	4.1	9.4	-0.2	73	1.5	8.4
58345	2014	2	21	3.8	10	-0.7	80	2	8.4
58345	2014	2	22	7	11.9	3.5	77	4	8.6
58345	2014	2	23	8.2	12.3	5	75	3.6	9.5
58345	2014	2	24	8.3	10	6.6	85	4.7	0
58345	2014	2	25	9.6	10.9	7.5	96	3.7	0
58345	2014	2	26	10.1	11.1	9.1	94	1.2	0
58345	2014	2	27	11.3	13.5	9.5	89	1.3	0
58345	2014	2	28	8.9	11.8	8	93	3.9	0
58345	2014	3	1	5.3	8.1	4.3	91	1.6	0
58345	2014	3	2	7.2	10.7	3.8	69	1	5.7
58345	2014	3	3	9	13.9	4.6	64	3.5	9.1
58345	2014	3	4	9.1	11.6	8.1	88	0.9	0
58345	2014	3	5	8.3	11.8	5.3	70	3.4	7.9
58345	2014	3	6	5.7	7.8	5.1	71	3.3	0
58345	2014	3	7	6.1	10.7	1	71	2.2	8.2
58345	2014	3	8	5.9	8.4	5.1	75	2.7	0
58345	2014	3	9	7.7	13.8	3.2	71	0.7	9.7
58345	2014	3	10	8.4	15.6	2.1	68	1.7	9.6
58345	2014	3	11	11.5	18.5	4.7	71	2.1	8.7
58345	2014	3	12	11.6	13.3	8.6	91	2	0
58345	2014	3	13	7.5	11.2	6	55	2.2	7.2
58345	2014	3	14	10.6	17.4	2.8	49	2.4	10.2
58345	2014	3	15	13.1	22.2	4.7	53	0.5	9.7
58345	2014	3	16	14.5	22.6	6.1	62	1.9	8.4
58345	2014	3	17	18.8	25.3	14.3	65	1.3	10
58345	2014	3	18	18.2	25.2	12.1	68	1.8	9.5
58345	2014	3	19	10.6	17.5	9	80	3.4	0
58345	2014	3	20	10.3	13.2	8.3	60	1.6	2.4
58345	2014	3	21	9.9	15.5	2.9	47	1.6	11.1
58345	2014	3	22	11.2	18.7	4.4	54	1.8	10.6
58345	2014	3	23	13.9	19.1	7.1	59	2.8	9.8
58345	2014	3	24	15.7	20.4	11.5	72	1	0.3
58345	2014	3	25	17.1	22.4	13.5	80	1.8	3.1
58345	2014	3	26	17.6	21.9	14.5	77	1.6	9
58345	2014	3	27	16.8	22.2	12.1	80	3	10.6
58345	2014	3	28	17.7	22.3	14.6	86	2.1	6.3
58345	2014	3	29	17.5	19.1	16.1	93	1.3	0
58345	2014	3	30	16.1	21.1	11.1	66	1.7	9.1
58345	2014	3	31	14.1	16.4	12.5	64	3.9	0
58345	2014	4	1	13.8	18.5	10.2	77	1.4	4.9
58345	2014	4	2	15.5	20.7	9.6	78	2.4	10.4
58345	2014	4	3	17.1	22	12.3	69	3	8.1
58345	2014	4	4	14.5	21.2	7.7	46	0.4	10.9
58345	2014	4	5	13.8	19	8.7	57	3	9.7
58345	2014	4	6	12.7	18.1	6.9	45	3.2	10.2
58345	2014	4	7	15.5	20.7	11.3	68	1.3	7.2
58345	2014	4	8	17.7	23	15.4	78	0.8	3.8
58345	2014	4	9	18	24.6	12.3	73	1.3	9.7
58345	2014	4	10	19.6	25.7	12.9	65	2.8	10.6
58345	2014	4	11	16.9	20.9	16	75	3.1	0.5
58345	2014	4	12	15.6	16.6	14.7	93	2.4	0
58345	2014	4	13	14.2	16.9	13.3	89	1.5	1.3
58345	2014	4	14	15.4	21.4	9.3	78	2	10.4
58345	2014	4	15	16.9	21.9	11.8	63	4	8.5
58345	2014	4	16	15.6	18.8	13.4	87	1.4	0
58345	2014	4	17	16.8	19	15.2	90	1.6	0
58345	2014	4	18	16.2	18.2	14.3	85	2.4	3.4
58345	2014	4	19	14.3	15.7	13	93	2.5	0
58345	2014	4	20	15.2	17.2	13.6	85	1.6	0
58345	2014	4	21	13.6	15.6	12.9	94	2.5	0
58345	2014	4	22	14.8	20.2	11.9	77	1.3	6.3
58345	2014	4	23	16.3	22	10.3	61	2.6	10.9
58345	2014	4	24	18.1	22.6	13	68	2.9	10.8
58345	2014	4	25	18.5	21.4	17.2	81	3.6	2.1
58345	2014	4	26	17.8	19.5	16.9	94	0.9	0
58345	2014	4	27	16.5	17.9	15.9	89	2	0
58345	2014	4	28	17.2	20.4	15.9	74	1.9	3.5
58345	2014	4	29	17.6	23.8	12.5	69	1.2	10.5
58345	2014	4	30	18.5	25.2	11.5	65	1.4	11.1
58345	2014	5	1	21.5	29.5	13.6	59	0.7	10.9
58345	2014	5	2	22.3	27.7	16.2	53	2.1	10.9
58345	2014	5	3	17.6	22	16.1	64	2.7	2.7
58345	2014	5	4	15.7	17.5	14.2	77	1.2	0
58345	2014	5	5	15.6	20.8	9.4	59	1.5	10.6
58345	2014	5	6	17.2	24.2	10.6	50	1.5	11.8
58345	2014	5	7	21.5	29.8	12.2	51	0.9	11.3
58345	2014	5	8	22.2	27.9	17.5	61	2.1	11.2
58345	2014	5	9	19.1	23.5	16.3	61	3.5	6.9
58345	2014	5	10	19	21.1	17.1	90	3.4	0
58345	2014	5	11	19.3	21.3	17.7	88	1.1	0
58345	2014	5	12	21.6	28.5	16	64	1.3	11
58345	2014	5	13	21.4	26.7	17.5	68	1.3	4
58345	2014	5	14	22.4	26.6	18.6	83	1.3	0.9
58345	2014	5	15	23.1	27.4	19.6	54	2.2	10.4
58345	2014	5	16	23.1	30.3	17	65	1.6	6.7
58345	2014	5	17	20.7	24.3	19.5	76	1.7	0
58345	2014	5	18	19.6	20.7	19	84	1.7	0
58345	2014	5	19	19.5	23.3	16.3	85	1.2	2.4
58345	2014	5	20	22.8	28.5	18.7	73	1	8.7
58345	2014	5	21	24.2	30.2	17.9	65	2	9.6
58345	2014	5	22	24.1	29.8	21	65	2.8	11.2
58345	2014	5	23	24.1	28.7	19.4	64	4.5	8.6
58345	2014	5	24	25.6	30.8	21.4	70	2.6	9.1
58345	2014	5	25	25.2	28	23.6	82	1.1	2.7
58345	2014	5	26	27.7	32.8	23.9	50	1.2	9.9
58345	2014	5	27	28.1	33.4	22.9	46	2.5	10.4
58345	2014	5	28	29.4	34.4	24.1	45	1.7	11.2
58345	2014	5	29	29.1	35.4	23.2	55	1	9.1
58345	2014	5	30	29.8	35.2	22.2	44	1.7	11.6
58345	2014	5	31	25.7	29.1	23.3	67	2.9	4.6
58345	2014	6	1	24.3	25.7	23.2	88	2	0
58345	2014	6	2	22.4	24.8	20.6	81	2.4	0
58345	2014	6	3	22.5	25.3	20	67	2.2	3
58345	2014	6	4	23.5	27.2	19.1	68	1.6	6.3
58345	2014	6	5	24.3	29.6	18.7	71	1	9.6
58345	2014	6	6	25.8	30.5	21.6	69	1.3	8.8
58345	2014	6	7	27	32.3	21.5	64	1.1	9.4
58345	2014	6	8	26.6	30.3	23.7	72	2.3	3.7
58345	2014	6	9	25.1	28.9	21.7	71	3.4	10.4
58345	2014	6	10	25.9	30.1	22.2	66	2.4	11.4
58345	2014	6	11	25.2	29.6	21.1	68	2.1	10.4
58345	2014	6	12	25.9	30.3	21.9	62	1.5	10.4
58345	2014	6	13	27.6	32.9	20.6	53	1.1	8.1
58345	2014	6	14	28.5	34	23.4	55	0.8	7.9
58345	2014	6	15	27	29	25.7	62	2.6	0
58345	2014	6	16	25.2	27.9	23.7	80	3.4	0
58345	2014	6	17	23.3	24.9	21.5	85	1.9	0
58345	2014	6	18	24.1	27.2	21.7	81	2.2	4.7
58345	2014	6	19	25.5	29.8	21.1	77	2.9	10.9
58345	2014	6	20	25.6	27.8	24	86	2	0
58345	2014	6	21	23.7	25.8	22.7	90	1.6	0
58345	2014	6	22	24	27	22	80	1.5	0
58345	2014	6	23	23.7	27	21.5	82	1	4
58345	2014	6	24	25.7	30.6	20.6	73	1.5	11.1
58345	2014	6	25	22.9	26.5	20.2	84	1.4	0
58345	2014	6	26	21.7	22.1	20.5	96	2	0
58345	2014	6	27	22.9	25.3	21.4	89	0.5	0
58345	2014	6	28	24.8	30.3	20.3	81	0.3	5.9
58345	2014	6	29	27.2	31.1	23.3	67	0.8	0
58345	2014	6	30	25.2	27.7	23.1	70	1.4	3.9
58345	2014	7	1	22.6	24.6	21	91	1	0
58345	2014	7	2	24	25.6	22.1	92	1.2	0
58345	2014	7	3	26.2	30.2	23	79	1.3	9.7
58345	2014	7	4	24.6	26.5	23.5	90	2.6	0
58345	2014	7	5	23.4	24.9	21.4	94	2.2	0
58345	2014	7	6	24.3	28.1	22	79	1.7	3.7
58345	2014	7	7	24.8	29.3	21.1	80	1	7.2
58345	2014	7	8	27	30.8	22.9	78	2	9.7
58345	2014	7	9	26.4	30	23.8	82	1.5	1.2
58345	2014	7	10	29.4	34	24.3	76	1.1	9.8
58345	2014	7	11	29.7	35.2	26.1	78	1.7	6.7
58345	2014	7	12	26.3	29.7	23.4	90	1.7	0
58345	2014	7	13	24.7	27.3	22.8	85	1.1	0
58345	2014	7	14	26.3	30.7	22.1	81	1.7	6.7
58345	2014	7	15	25	27.5	23.9	85	1.2	0
58345	2014	7	16	24.6	27.3	23.5	90	2	0
58345	2014	7	17	27.4	32.8	24.2	82	0.7	6.6
58345	2014	7	18	28.9	32	25.9	86	1.7	5.5
58345	2014	7	19	30.3	34.2	27.3	83	1.4	6.4
58345	2014	7	20	31	35.6	26.6	72	0.9	11.7
58345	2014	7	21	31.5	35.8	27	71	1.7	11.8
58345	2014	7	22	31.5	36.3	27.7	73	1.8	10.9
58345	2014	7	23	31.2	35.3	27.2	73	2.8	12.2
58345	2014	7	24	29.1	34.4	28.1	83	3.4	0
58345	2014	7	25	27.5	30	25.5	81	2.6	1.9
58345	2014	7	26	27	31.4	24.9	85	1.3	2.2
58345	2014	7	27	25.3	31	22.9	94	2.4	0
58345	2014	7	28	26.2	30.8	23	86	0.6	5.8
58345	2014	7	29	29.2	34.1	25.2	81	0.9	9.7
58345	2014	7	30	31.1	35.4	26.4	76	1.5	11.2
58345	2014	7	31	30.2	34.7	26.8	78	1.7	10.6
58345	2014	8	1	27.4	29.2	25.6	83	2.7	3.9
58345	2014	8	2	27.9	31.5	25.4	80	2.1	3.5
58345	2014	8	3	30.4	35.4	26.4	75	1.2	11.2
58345	2014	8	4	31.3	35.7	26.7	76	0.6	9.4
58345	2014	8	5	32	36.7	28	72	1.6	11
58345	2014	8	6	30.9	36.2	27.9	78	1.5	9.4
58345	2014	8	7	28.1	31.9	26.7	89	1.9	2.2
58345	2014	8	8	24.7	27.8	23.9	89	2.2	0
58345	2014	8	9	26	28.4	24.1	89	1.5	0
58345	2014	8	10	25	27.7	23.4	84	1.5	0
58345	2014	8	11	26.1	30	23.4	78	0.8	3.5
58345	2014	8	12	25.4	28.3	24.6	76	1.2	0
58345	2014	8	13	25.1	27.5	23.2	87	1	0
58345	2014	8	14	22.8	24.3	22.4	95	1.3	0
58345	2014	8	15	24.6	28.1	22.4	87	1.1	0
58345	2014	8	16	25	29.2	22.3	87	1.2	0
58345	2014	8	17	21.2	24.7	19.7	95	1.7	0
58345	2014	8	18	22.7	24.2	21.3	92	0.5	0
58345	2014	8	19	23.4	26.3	21.9	90	0.7	1.4
58345	2014	8	20	23.5	25.8	22.1	89	1.1	0.9
58345	2014	8	21	24.4	29.5	20	84	0.7	11
58345	2014	8	22	26.9	31.8	23.1	83	0.9	9.1
58345	2014	8	23	29.2	33.8	25.5	77	0.5	9
58345	2014	8	24	27.6	32.2	24.6	82	1.8	1
58345	2014	8	25	26.2	29.8	24	79	1.5	8.7
58345	2014	8	26	25.6	28	22.9	84	1.5	1.4
58345	2014	8	27	21.6	25.2	20.1	92	2.7	0
58345	2014	8	28	23.5	27.2	20.8	88	1.9	0.6
58345	2014	8	29	23.7	25.8	22.9	93	1	0
58345	2014	8	30	24.5	28.8	21.1	86	0.9	6.9
58345	2014	8	31	25.3	27.3	23.8	89	2.3	0
58345	2014	9	1	25.3	28.2	23.8	88	1.7	1.7
58345	2014	9	2	26	30.3	23.3	87	1	5.8
58345	2014	9	3	24	27.6	22.7	83	1.9	7
58345	2014	9	4	23.6	28.6	20.6	78	1	9.5
58345	2014	9	5	24.6	29.2	21.3	81	1.2	3.6
58345	2014	9	6	26.2	30.1	23.9	85	1.6	4.2
58345	2014	9	7	26.3	30.6	22.8	77	1.5	10.6
58345	2014	9	8	25.1	26.8	23.9	88	0.7	0
58345	2014	9	9	25.3	28.6	23.7	84	1.8	0.8
58345	2014	9	10	24.7	25.9	24	85	2.4	0
58345	2014	9	11	24.1	26.2	22.9	77	2.8	0
58345	2014	9	12	22.8	25.8	19.7	88	2.1	0
58345	2014	9	13	21.5	23.6	19.8	95	1.5	0
58345	2014	9	14	24.1	27.8	21.9	86	1.3	0
58345	2014	9	15	24.4	27.9	22.7	78	3.2	6.2
58345	2014	9	16	23.7	27.2	21.1	77	2.5	2.6
58345	2014	9	17	24.7	27.7	22.4	81	2.1	2.3
58345	2014	9	18	20.6	24.2	18.8	89	3	0
58345	2014	9	19	19.2	21.3	17.5	89	0.8	0
58345	2014	9	20	21.1	26.5	16.2	80	1	10.4
58345	2014	9	21	22.8	27.6	19.3	78	2	10.1
58345	2014	9	22	21.7	24.5	20	81	2.9	0.6
58345	2014	9	23	22.9	24.4	21	92	2.8	0
58345	2014	9	24	23.6	28.2	21.6	81	1.2	7
58345	2014	9	25	22.9	28.1	19	80	1.3	7.8
58345	2014	9	26	23.4	27.1	20.4	81	1.4	3.1
58345	2014	9	27	25.1	30	21.3	84	1.3	7
58345	2014	9	28	26.1	30.8	22.6	84	2.8	9.2
58345	2014	9	29	23.7	25.9	21.2	90	1.9	0
58345	2014	9	30	20.1	21.8	18.7	82	2.4	0
58345	2014	10	1	18.7	23.6	13.6	75	1.7	10.1
58345	2014	10	2	21.4	26.3	17.1	78	0.8	4.3
58345	2014	10	3	21.2	25.8	17.4	79	1.2	9.3
58345	2014	10	4	19.6	25	14.9	70	0.9	10.4
58345	2014	10	5	20.2	25.3	15.5	77	0.8	8.9
58345	2014	10	6	19.8	23	17.6	66	2.2	9.1
58345	2014	10	7	18.4	23.6	13.4	72	1.4	10.3
58345	2014	10	8	19.5	24.5	14.4	71	1.8	10.5
58345	2014	10	9	20.3	24.6	16.2	74	1.9	10
58345	2014	10	10	20.5	24.7	16.3	78	1.5	5.4
58345	2014	10	11	21.3	26.1	17.4	76	2	8.2
58345	2014	10	12	21.1	25.3	18.2	74	3.1	8.5
58345	2014	10	13	17.6	21.1	14.4	56	2.3	9.5
58345	2014	10	14	16.2	20.5	12.4	54	1.4	9.8
58345	2014	10	15	15.8	23.3	9.2	62	1.3	9.7
58345	2014	10	16	17.6	23.2	12.4	69	0.9	1.9
58345	2014	10	17	19.7	24.9	16.9	77	2.1	5.9
58345	2014	10	18	19.8	25.1	16.3	67	2.5	9.4
58345	2014	10	19	21.2	27.1	16.3	74	1.6	10
58345	2014	10	20	22.3	29.9	16.9	75	0.7	8.7
58345	2014	10	21	19.3	22	17.3	87	2.2	0
58345	2014	10	22	17.2	21.3	14.5	79	1.1	8.5
58345	2014	10	23	16.7	24.5	11.7	81	1.6	9
58345	2014	10	24	18	25.9	12.1	77	0.9	9.3
58345	2014	10	25	19	27.2	13.4	78	0.4	9.1
58345	2014	10	26	20.2	28.5	14.5	71	0.7	8.8
58345	2014	10	27	17.5	20.8	15.6	77	2.9	0
58345	2014	10	28	16	20	11.4	74	2.5	6.5
58345	2014	10	29	17.3	18.3	16.3	89	2.9	0
58345	2014	10	30	18	19.3	17.1	95	0.5	0
58345	2014	10	31	17.4	18.2	17.1	95	0.8	0
58345	2014	11	1	17.7	18.8	17	90	1.6	0
58345	2014	11	2	16.4	19.4	14.6	64	2.7	8.7
58345	2014	11	3	11.6	16.1	6.6	53	1.2	9.9
58345	2014	11	4	12.3	19.8	6.2	68	0.4	9.7
58345	2014	11	5	14.5	22.1	8.2	76	1.2	8.4
58345	2014	11	6	16.1	20.5	13.7	72	1.5	8.3
58345	2014	11	7	14.4	17.9	11.1	73	1.9	5.7
58345	2014	11	8	11	14.6	10.3	94	1.9	0
58345	2014	11	9	12.5	14.4	11.2	83	1	0
58345	2014	11	10	13.2	15.8	9.9	82	0.7	0
58345	2014	11	11	13.4	17.7	10.2	86	0.9	1.8
58345	2014	11	12	13.8	15.9	12.1	73	2	0.2
58345	2014	11	13	10.6	14.6	7.3	52	1.5	9.4
58345	2014	11	14	9.7	16.9	3.6	68	0.9	9.1
58345	2014	11	15	12.2	16.7	7.2	73	1.8	4.9
58345	2014	11	16	12.5	15.7	9.7	85	1.1	0
58345	2014	11	17	10.6	14	8.4	60	1.7	8.7
58345	2014	11	18	8.6	15	3.2	74	0.1	9.3
58345	2014	11	19	9.3	14.4	4.8	84	0.9	0.9
58345	2014	11	20	10.9	18.7	4.4	85	0.4	9.1
58345	2014	11	21	14.5	22.2	8.4	80	0.6	7.1
58345	2014	11	22	16.4	21.5	11.9	75	0.8	5.4
58345	2014	11	23	18.5	24.4	15.3	86	1.6	6.5
58345	2014	11	24	14.5	18.3	11.5	94	2.2	0
58345	2014	11	25	11.4	11.8	10.9	90	1.3	0
58345	2014	11	26	12.2	16.1	10.7	86	0.8	6.5
58345	2014	11	27	13.9	19.1	9.5	84	2.2	2.7
58345	2014	11	28	12.9	15.2	11.7	80	2.6	3.1
58345	2014	11	29	13.1	14.9	11.2	90	2.4	0
58345	2014	11	30	12.5	15.2	10.9	91	2.6	0
58345	2014	12	1	6.8	10.9	3.3	61	2.7	6.6
58345	2014	12	2	2.5	6.7	-0.9	53	1	9.1
58345	2014	12	3	4.2	6.4	0.9	72	2.2	0
58345	2014	12	4	4.3	8.1	1.8	68	3.1	7.9
58345	2014	12	5	3.3	9	-2.1	53	1.1	9
58345	2014	12	6	3.1	10	-2.5	69	1.3	8.4
58345	2014	12	7	7.5	11.9	1.8	62	1.4	5.3
58345	2014	12	8	5	8.6	1.2	61	0.9	8.5
58345	2014	12	9	7.1	11.9	1.7	76	2.1	5.7
58345	2014	12	10	7.3	9.2	5.9	84	2	0
58345	2014	12	11	5.6	7	4.9	68	2.3	0
58345	2014	12	12	4.5	8.7	1.6	55	2.1	8.6
58345	2014	12	13	3.9	9.4	0	52	1.5	9
58345	2014	12	14	3.2	10.6	-2.3	70	0.8	8.7
58345	2014	12	15	4	7.2	-0.3	78	1.4	0
58345	2014	12	16	3.3	6.9	1.5	37	2.7	8.7
58345	2014	12	17	2.6	8	-0.8	40	1.7	9
58345	2014	12	18	2.1	9.1	-4.4	61	1.3	8.7
58345	2014	12	19	6.2	10.2	3.8	67	0.9	0
58345	2014	12	20	4.5	7.6	1.8	56	1.3	8.6
58345	2014	12	21	3.1	6.2	0.1	48	2.7	6.3
58345	2014	12	22	2.3	9.2	-2.6	48	0.9	9.2
58345	2014	12	23	6.1	12.2	-1.8	52	1.3	8.8
58345	2014	12	24	6.3	13.4	1.8	54	1.2	8.6
58345	2014	12	25	4.3	9	0.1	73	1.3	7
58345	2014	12	26	4	8.8	-0.4	72	2	7.1
58345	2014	12	27	6.1	11.1	2.7	72	1.3	8.6
58345	2014	12	28	7.1	11.6	1.2	64	1.8	8.6
58345	2014	12	29	9.6	15.3	4.8	53	2.1	8.5
58345	2014	12	30	9.1	17	4.1	58	1.1	8.3
58345	2014	12	31	7.6	10.9	4.1	46	2.9	8.6
58345	2015	1	1	1.4	5.6	-1.1	38	1.6	9
58345	2015	1	2	1	9.2	-4.9	60	1	9
58345	2015	1	3	6.6	14.7	1	52	1	7.7
58345	2015	1	4	7.7	17.4	0.6	63	1.2	8.9
58345	2015	1	5	9.3	15.3	3.8	68	1.1	2.3
58345	2015	1	6	6.2	13.2	2.2	73	2.8	0
58345	2015	1	7	4.2	7.3	2.1	60	1.7	7.6
58345	2015	1	8	3.8	9.3	-1.9	62	1	8.8
58345	2015	1	9	4.5	12.4	-1.2	70	0.9	8.1
58345	2015	1	10	5.6	15.5	0.1	69	0.1	8.2
58345	2015	1	11	6.3	15.7	-0.5	69	0.6	8.8
58345	2015	1	12	5.7	7.7	3.3	75	2.7	1.3
58345	2015	1	13	5.8	6.9	4.9	86	2	0
58345	2015	1	14	6.4	7.8	5.5	91	1.9	0
58345	2015	1	15	6.3	6.9	6.1	81	0.9	0
58345	2015	1	16	6.4	8.6	3	76	1.6	0
58345	2015	1	17	3.6	6.5	1.2	68	1.7	8.4
58345	2015	1	18	5.1	10.1	0.4	66	2	4.3
58345	2015	1	19	6.3	12.1	2	58	1.6	9.2
58345	2015	1	20	7.5	11.6	5.2	64	2	8.2
58345	2015	1	21	9.1	14.7	3.4	61	2	7.9
58345	2015	1	22	4.4	8	2.2	71	1.6	7.3
58345	2015	1	23	4	10.6	-2	80	0.9	8.4
58345	2015	1	24	8.2	14.6	2.9	79	1.2	7.8
58345	2015	1	25	9.1	10.7	8	89	1.7	0
58345	2015	1	26	7.7	8.9	6.7	89	1.2	0
58345	2015	1	27	3.8	8.2	0.7	87	2.4	0
58345	2015	1	28	1	2.1	0	93	2.2	0
58345	2015	1	29	0.6	2.1	0.3	97	1.7	0
58345	2015	1	30	1.9	4.8	0.1	75	1.3	4.1
58345	2015	1	31	2.4	5	-0.3	59	1.7	2.5
58345	2015	2	1	2.7	4.2	1.5	69	1.8	0
58345	2015	2	2	3.8	5.3	2.6	87	1	0
58345	2015	2	3	4.4	4.7	3.9	91	1.1	0
58345	2015	2	4	4.6	8.4	2	72	1.8	8.6
58345	2015	2	5	3.7	8	-0.1	54	1.4	9.2
58345	2015	2	6	3.4	9.8	-1.1	57	1	8.8
58345	2015	2	7	5.3	12.5	-1.3	62	0.8	8.5
58345	2015	2	8	3.1	9.3	0.7	52	3.5	9.9
58345	2015	2	9	0.4	6.1	-4.6	56	1.5	10.4
58345	2015	2	10	2.8	12.6	-5	60	0.6	9.7
58345	2015	2	11	9.1	15.9	0.7	49	3.1	8.9
58345	2015	2	12	8.6	15.6	3.3	54	1.6	8.7
58345	2015	2	13	7.8	13.4	3.9	79	2.2	8.7
58345	2015	2	14	9.7	16.8	3.1	78	1.6	8.5
58345	2015	2	15	13.3	16.4	10.8	90	1.4	0
58345	2015	2	16	12.9	15.3	11.8	80	2.2	5.1
58345	2015	2	17	9.5	14.3	6.7	80	2.1	7.6
58345	2015	2	18	7.7	11.6	4.2	66	2.7	8.4
58345	2015	2	19	6.3	10.7	2	64	4.2	9.4
58345	2015	2	20	8	9.5	6.6	88	2.3	0
58345	2015	2	21	7.8	8.9	6.8	90	2	0
58345	2015	2	22	7	8.4	5.6	79	1.8	0
58345	2015	2	23	6.3	7.6	4.2	88	2.3	0
58345	2015	2	24	7.4	9	6.3	92	2.1	0
58345	2015	2	25	8.3	10.1	7.3	96	1.9	0
58345	2015	2	26	8.7	9.7	8.1	89	2	0
58345	2015	2	27	4.9	8.5	3.1	87	4.6	0
58345	2015	2	28	3.5	3.9	3.1	94	3.8	0
58345	2015	3	1	5.6	9.6	2.6	72	1.8	8.7
58345	2015	3	2	7.2	12.8	1.9	72	2.1	9.5
58345	2015	3	3	9.6	14.1	7.3	67	2.5	4.9
58345	2015	3	4	4.3	7.3	2.3	55	1.8	0.7
58345	2015	3	5	3.3	4.9	2.6	75	3.1	0
58345	2015	3	6	4.7	6.5	2.8	81	1.3	0
58345	2015	3	7	7	9.9	4.8	77	0.9	0
58345	2015	3	8	7.4	9.1	5.3	87	2.8	0
58345	2015	3	9	8	11.2	6.2	86	2.4	0
58345	2015	3	10	3.9	7.1	0.3	54	2.6	10.6
58345	2015	3	11	5.6	10.9	-0.2	63	0.5	8.7
58345	2015	3	12	8.7	17.9	1.2	70	0.7	10.1
58345	2015	3	13	10.9	19.4	4.5	76	0.8	9.4
58345	2015	3	14	9.8	11.3	8.6	90	2.6	0
58345	2015	3	15	10.9	12.3	9.2	94	3.5	0
58345	2015	3	16	12.8	17.4	10.6	92	1.8	3.6
58345	2015	3	17	14.1	16.7	12	95	2	0.6
58345	2015	3	18	12.6	15.5	10.8	96	2.1	0
58345	2015	3	19	11.9	14.8	9.6	79	1.4	0
58345	2015	3	20	10.9	13	9.1	93	1.6	0
58345	2015	3	21	14.3	19.5	11	79	1.9	10
58345	2015	3	22	14.8	20.7	9.2	76	2.2	9.6
58345	2015	3	23	12.2	16.2	9.7	59	3.9	7.5
58345	2015	3	24	11	15.1	6.7	60	3.2	8.8
58345	2015	3	25	11.5	16.6	6.8	54	3.2	10.9
58345	2015	3	26	12	16.6	8	77	4.1	6.9
58345	2015	3	27	11.2	13.6	10.2	95	1.1	0
58345	2015	3	28	13.7	21.8	6.3	79	1.5	10
58345	2015	3	29	16.5	22.4	10	74	1.7	9.6
58345	2015	3	30	17.2	21.8	14.9	84	2.2	2.6
58345	2015	3	31	21.7	30.4	14.5	78	1.5	9.6
58345	2015	4	1	20.9	24.2	18.6	84	2.4	5
58345	2015	4	2	19.4	31.5	15	85	2	6.3
58345	2015	4	3	13.3	15	11.1	79	2.7	0
58345	2015	4	4	13.8	15.2	12.9	90	1.8	0
58345	2015	4	5	12.4	13.7	11.1	95	1.8	0
58345	2015	4	6	9.9	11.3	8.3	93	2.9	0
58345	2015	4	7	6.6	8.5	3.9	80	3.3	0
58345	2015	4	8	7.4	12.1	2.7	73	1.2	10
58345	2015	4	9	9.8	14.5	5	72	2.1	6.5
58345	2015	4	10	12.5	17.5	6.7	67	0.9	10.8
58345	2015	4	11	13.4	19.2	7.3	69	2.2	10.2
58345	2015	4	12	15.3	23.4	11.2	66	2	8.6
58345	2015	4	13	11.1	15.7	8.9	63	3.5	9
58345	2015	4	14	12.6	18.6	8.2	58	3.7	9.3
58345	2015	4	15	17.9	24.3	7.5	44	1.4	7.8
58345	2015	4	16	18.3	23.3	15.5	59	2.3	4.8
58345	2015	4	17	17.6	22.2	13.6	52	3.9	9.2
58345	2015	4	18	20.1	26.9	15	76	1.2	7.3
58345	2015	4	19	18.6	23.6	15	90	1.9	0
58345	2015	4	20	13.1	18	10.9	82	1.8	3.3
58345	2015	4	21	13.1	20.5	6.5	68	0.9	10
58345	2015	4	22	16.8	25.6	8	57	0.8	10.9
58345	2015	4	23	19.5	27.3	13.5	57	1	10.3
58345	2015	4	24	18.8	24.4	14.1	65	0.3	3
58345	2015	4	25	19.7	27.8	12.4	61	1.8	10.2
58345	2015	4	26	21.4	28.7	13.3	51	2.2	11.4
58345	2015	4	27	21.6	28.8	14.5	57	1.8	9.9
58345	2015	4	28	25.5	31.5	21.2	58	2	10.4
58345	2015	4	29	18.9	25.8	17.2	81	2.2	6.8
58345	2015	4	30	20.3	26.6	13.4	69	1.6	10.9
58345	2015	5	1	22	27.6	16.9	73	2.8	10.9
58345	2015	5	2	20.2	23.3	18.2	89	1.5	0
58345	2015	5	3	20.2	25.2	15.8	71	1.6	10.3
58345	2015	5	4	19.6	24	16.2	69	1.7	0
58345	2015	5	5	19.8	25.6	12.5	52	2.5	11.8
58345	2015	5	6	20	24	17.3	65	1.3	0
58345	2015	5	7	22.5	28.7	16.2	72	0.9	7.6
58345	2015	5	8	20.8	25.2	18.2	85	2.1	4
58345	2015	5	9	19.8	23.2	17.8	85	1.3	6.1
58345	2015	5	10	20.4	24.4	16.2	78	2.8	11.2
58345	2015	5	11	17.6	20.8	14.4	89	2.2	0
58345	2015	5	12	19.8	26.5	13.4	54	3.1	12.3
58345	2015	5	13	24	31.3	13.6	46	1.6	10.7
58345	2015	5	14	27.4	32.2	23.6	61	2	9.3
58345	2015	5	15	22	27.6	19.5	93	1.3	0
58345	2015	5	16	19.7	25	16.2	72	1.5	9.8
58345	2015	5	17	21	25.4	15.3	75	2.2	6.1
58345	2015	5	18	21.8	24.4	20.3	93	0.9	0
58345	2015	5	19	23.6	29.4	19.2	85	0.6	8.9
58345	2015	5	20	23.1	28.1	20.5	65	2.1	7.9
58345	2015	5	21	20.1	25.1	13.8	55	2.1	12.2
58345	2015	5	22	22	27.3	15.8	62	2	11
58345	2015	5	23	21.4	23.2	20	81	1.6	0
58345	2015	5	24	23.1	27.4	19.7	71	1.1	6.5
58345	2015	5	25	23.3	28	18.8	69	1.9	11.3
58345	2015	5	26	22.6	26	20.1	65	1.9	0.4
58345	2015	5	27	21.4	26	20.5	83	1.7	0
58345	2015	5	28	23.1	27.1	20.8	88	1.4	1.6
58345	2015	5	29	22.1	24.2	21.5	94	2.7	0
58345	2015	5	30	22.9	25.5	20.8	86	1.4	1.6
58345	2015	5	31	23.7	28.9	19.5	75	0.8	7.8
58345	2015	6	1	26	31.2	20	75	2	8.2
58345	2015	6	2	24.4	27.3	23.8	94	2	0
58345	2015	6	3	22.2	24.9	20.5	70	2.5	0
58345	2015	6	4	21	25.2	17.2	58	1.5	4.5
58345	2015	6	5	23.2	28.8	16.6	59	1.4	12.1
58345	2015	6	6	25.9	32.5	18.3	61	1.4	11.1
58345	2015	6	7	23.2	25.9	21.7	77	1.5	0
58345	2015	6	8	22	23.9	21	89	0.9	0
58345	2015	6	9	23.4	27.6	20.8	77	1.8	0
58345	2015	6	10	24.4	28.7	21.6	82	1.1	1.2
58345	2015	6	11	27.6	32.1	24.5	61	2.2	11.1
58345	2015	6	12	28.7	34.3	24.6	54	2.5	12.4
58345	2015	6	13	28.5	31.6	25.2	61	2.1	10.7
58345	2015	6	14	29.4	33.2	25.9	63	1.9	9.4
58345	2015	6	15	24.5	29.4	22.1	84	1.5	0
58345	2015	6	16	22	23.3	20.8	95	2.3	0
58345	2015	6	17	21.9	23.4	20.4	96	1	0
58345	2015	6	18	22.8	27.3	20.1	82	1.4	5.9
58345	2015	6	19	24.2	28.4	20.3	78	2	11
58345	2015	6	20	25.8	30.1	20.9	70	1.6	10.5
58345	2015	6	21	23.6	27.2	22.4	85	1.4	0
58345	2015	6	22	22.9	25	20.8	90	1.3	0
58345	2015	6	23	24.5	27	23.1	92	1.6	0
58345	2015	6	24	26.9	31.2	24	89	1.4	2.8
58345	2015	6	25	29.3	34.6	25.4	79	2.1	6.9
58345	2015	6	26	24.2	28.1	23	90	1	0
58345	2015	6	27	22.5	24.5	21.6	95	2.3	0
58345	2015	6	28	21.6	22.4	21	95	2.7	0
58345	2015	6	29	24.6	28.6	22.3	92	1.2	3.6
58345	2015	6	30	25.5	29.5	22.5	88	1.3	0
58345	2015	7	1	24.3	28.7	20.9	80	1.2	9.6
58345	2015	7	2	25.6	29.9	21.9	79	1	8
58345	2015	7	3	25.4	28.5	22.2	79	1.4	3.4
58345	2015	7	4	22.9	26	21.1	79	1.7	4
58345	2015	7	5	21.9	25.4	19.6	74	2.6	4.2
58345	2015	7	6	19.5	21.7	18.4	86	1.6	0
58345	2015	7	7	20.7	23.5	18.2	82	1.7	0
58345	2015	7	8	21.7	23.1	20	89	1.3	0
58345	2015	7	9	23.9	26.7	21.1	88	1.9	0
58345	2015	7	10	26.8	32	23.6	83	3	5.6
58345	2015	7	11	24.3	27.5	23.8	92	4.2	0
58345	2015	7	12	26.4	30.8	23.2	82	3.2	7.9
58345	2015	7	13	28.9	34.4	24.5	74	1.3	10.7
58345	2015	7	14	29.6	34.8	24.7	71	1.5	11.6
58345	2015	7	15	28.3	32.5	24.7	75	2.4	9.7
58345	2015	7	16	26.7	28.4	24.3	79	2.3	0
58345	2015	7	17	25.5	27.1	24.5	91	1.5	0
58345	2015	7	18	25.6	27.9	24.4	91	0.7	0
58345	2015	7	19	25	26.2	23.7	94	1.3	0
58345	2015	7	20	27.1	31.3	23.7	86	1.4	2.8
58345	2015	7	21	27.7	30.8	25.4	81	1.8	6.4
58345	2015	7	22	28.7	32.4	25.6	79	1.9	8.7
58345	2015	7	23	27.6	29.3	26.5	87	0.9	0
58345	2015	7	24	27	30.6	25.2	86	2.2	5.4
58345	2015	7	25	27.5	32.3	24.8	86	0.9	1.5
58345	2015	7	26	29	34.7	24.8	82	1.1	7.4
58345	2015	7	27	31.8	36.3	27	70	1.2	11.6
58345	2015	7	28	32.7	36.6	27.1	61	1.7	12.1
58345	2015	7	29	32.6	36.6	27.3	58	1.7	12.2
58345	2015	7	30	30.7	35.7	27.1	59	2	9.2
58345	2015	7	31	31.8	36.1	27.1	60	2.2	12.7
58345	2015	8	1	32.5	36.3	29	59	2.3	12.1
58345	2015	8	2	32.7	37.3	28.4	64	1.9	12.4
58345	2015	8	3	33.5	37.9	29.1	58	2	11.4
58345	2015	8	4	33.1	37.6	28.3	51	2.4	12.3
58345	2015	8	5	33.1	37.5	27.8	58	1.4	11.8
58345	2015	8	6	31	35.8	26.8	68	1.9	11.3
58345	2015	8	7	30	35.5	26.2	75	2.1	9.4
58345	2015	8	8	29.1	33	25.8	83	2.7	10.8
58345	2015	8	9	27.8	29.9	27	86	3.8	0
58345	2015	8	10	26.6	27.8	25.2	92	2.5	0
58345	2015	8	11	26.5	30	23.9	79	2.3	8.5
58345	2015	8	12	26.9	31.1	23.2	77	1.3	11.5
58345	2015	8	13	25.7	28.8	23.9	82	1	1.3
58345	2015	8	14	27.4	31.7	24.7	70	2.2	8.9
58345	2015	8	15	28	31.7	24.3	80	1.7	8.2
58345	2015	8	16	27	30	25.4	84	1.6	6.5
58345	2015	8	17	27.1	31	23.7	73	1.6	9.8
58345	2015	8	18	26.8	29.8	24	79	2.1	7.1
58345	2015	8	19	28.4	31.7	24.9	74	3.1	7.7
58345	2015	8	20	25.3	28.9	24.4	88	1.9	0
58345	2015	8	21	26.2	28.8	24.1	81	1.2	0
58345	2015	8	22	23.5	26.4	21.7	90	1	0
58345	2015	8	23	24.6	27.9	22.6	83	1.4	6.2
58345	2015	8	24	24	26.8	22.1	85	1.9	2.9
58345	2015	8	25	25.9	30.1	22.4	73	2	10.8
58345	2015	8	26	26.8	30.5	23.4	72	1.3	10
58345	2015	8	27	26.6	31.7	22.9	70	1.3	10.6
58345	2015	8	28	25.9	31.1	21.5	71	1.3	9.8
58345	2015	8	29	26.6	31.3	23.6	78	1.5	6.7
58345	2015	8	30	26.2	31.2	22.5	77	1.2	9.1
58345	2015	8	31	26.4	30.6	22.7	76	2	10.6
58345	2015	9	1	27.1	32.7	22.2	70	1.3	9.5
58345	2015	9	2	27	31.4	24.1	68	1.1	10.7
58345	2015	9	3	26.3	31.4	21.1	66	1.1	10.4
58345	2015	9	4	26.7	31.8	22.5	79	1.8	7.8
58345	2015	9	5	26	28.2	25	84	2	2
58345	2015	9	6	25.6	29.9	22.7	74	2.1	10.3
58345	2015	9	7	25.2	29.3	22.7	72	1.8	9.5
58345	2015	9	8	25.3	29.6	21.8	70	1.8	9.7
58345	2015	9	9	25.1	28.9	21	65	1.8	10.3
58345	2015	9	10	24	28.4	19.6	67	0.7	10.7
58345	2015	9	11	24.6	29.5	20.1	68	1.6	8.7
58345	2015	9	12	22.3	25.2	21.1	71	1.4	1.9
58345	2015	9	13	21.4	25.5	16.4	57	1.1	8.9
58345	2015	9	14	22.3	26	18.2	70	1.5	8.1
58345	2015	9	15	19.8	22.5	18.7	91	1.3	0
58345	2015	9	16	22.7	27.1	18.5	73	1.8	10.5
58345	2015	9	17	22	26.6	16.8	74	1	8.3
58345	2015	9	18	21.6	26	18.4	80	0.8	1.2
58345	2015	9	19	23.8	28.5	20.4	71	1	7.1
58345	2015	9	20	22	25.2	20.6	81	1.3	1.3
58345	2015	9	21	23	28.1	18.6	78	2	7.9
58345	2015	9	22	24.2	27.8	21.5	77	1.8	3.2
58345	2015	9	23	23.4	26.7	21.2	82	1.9	5.2
58345	2015	9	24	24.1	27.5	19.1	74	1.4	8.5
58345	2015	9	25	23	26.5	21.7	85	1.1	1.1
58345	2015	9	26	23.5	28.2	19.8	76	1.9	8.8
58345	2015	9	27	22.9	27.8	19.1	73	1.4	7.8
58345	2015	9	28	23.2	28.4	17.9	75	1.9	7.9
58345	2015	9	29	21.9	25.1	20.9	92	3.2	0
58345	2015	9	30	25.5	29.3	21.7	92	1.7	0.9
58345	2015	10	1	21.4	26.1	18.9	76	2.3	3.7
58345	2015	10	2	18.5	25	12.4	67	1.4	10
58345	2015	10	3	19.9	26.8	14	69	1.2	7.9
58345	2015	10	4	19.7	24.2	16.5	89	1.7	0
58345	2015	10	5	18.5	20.8	16.8	90	1.2	0
58345	2015	10	6	19.8	20.7	18.8	92	2.5	0
58345	2015	10	7	20.1	21.6	19.7	93	1.9	0
58345	2015	10	8	18.7	19.7	17.9	95	1.2	0
58345	2015	10	9	18.9	23.9	16.6	72	1.2	5.5
58345	2015	10	10	18.4	24	13	65	2	8.6
58345	2015	10	11	17	22.8	10.3	57	1.2	9.6
58345	2015	10	12	15.9	22.9	10.5	69	0.8	9.3
58345	2015	10	13	17.1	24.9	10.3	65	0.8	9.5
58345	2015	10	14	17	23.9	13.2	71	0.8	2.3
58345	2015	10	15	18	26	11.5	76	0.1	9.3
58345	2015	10	16	18.7	25.9	13.5	80	0.4	8.8
58345	2015	10	17	19.1	25.7	14.5	77	1.7	9.2
58345	2015	10	18	18.3	24.2	13.4	82	1.1	9.7
58345	2015	10	19	19	23.9	14.1	76	1.2	9.1
58345	2015	10	20	19	24.3	15.4	78	0.9	9.6
58345	2015	10	21	19.9	25.3	16.6	81	1.8	9.1
58345	2015	10	22	19.8	25.4	15.3	82	1.3	8.5
58345	2015	10	23	20.3	25.4	17.7	84	1.5	7.5
58345	2015	10	24	21.5	25.9	17	83	2.1	7.3
58345	2015	10	25	21.1	24.8	18	78	2.9	8
58345	2015	10	26	22	28	17	77	1.4	7.3
58345	2015	10	27	16	22.5	13.5	66	2	8.3
58345	2015	10	28	14.3	17.7	10.1	74	1.1	2.2
58345	2015	10	29	14	16.1	12.8	87	0.6	0
58345	2015	10	30	15.4	17.7	14	71	1.7	3.4
58345	2015	10	31	14.1	17.7	12.3	64	1.2	6.7
58345	2015	11	1	13.7	16.4	11.9	74	1.5	2.7
58345	2015	11	2	12.7	18.5	9.3	72	1.2	8.4
58345	2015	11	3	13.1	19.1	7.1	79	1.7	8.2
58345	2015	11	4	15.4	20.8	10.9	88	0.7	1.4
58345	2015	11	5	17.7	21.9	15.2	91	1.6	3.8
58345	2015	11	6	22.7	28.4	18.2	83	1.9	9.6
58345	2015	11	7	14.9	22.7	10.5	92	1.3	0
58345	2015	11	8	10.3	11.2	9.7	91	1.5	0
58345	2015	11	9	10.8	11.8	9.9	84	1.5	0
58345	2015	11	10	11.8	15.6	6.8	70	1.9	6.6
58345	2015	11	11	12.9	16.1	10.4	77	2.4	1.2
58345	2015	11	12	13	14.2	12.2	93	1.4	0
58345	2015	11	13	13.5	14.3	12.8	91	1.4	0
58345	2015	11	14	14	17.5	12.1	79	1.2	3.4
58345	2015	11	15	14.8	19.8	10.1	85	2.4	6.1
58345	2015	11	16	15.8	17.1	14.8	90	1.3	0
58345	2015	11	17	14	15.4	12.5	94	2.2	0
58345	2015	11	18	14	14.7	13	93	2	0
58345	2015	11	19	12	13.1	11.3	93	1.5	0
58345	2015	11	20	13.2	14.9	11.3	90	1.4	0
58345	2015	11	21	14.6	15.7	13.6	95	1.2	0
58345	2015	11	22	16.7	18.7	15.1	94	1.6	0
58345	2015	11	23	13.2	17.1	11.6	96	1.7	0
58345	2015	11	24	9.9	13.2	5.5	95	3.4	0
58345	2015	11	25	3.9	5.5	3	90	1.9	0
58345	2015	11	26	1.6	4.6	-0.5	63	3.1	7.9
58345	2015	11	27	1.9	7.4	-4.3	61	0.8	8.3
58345	2015	11	28	8.5	14.1	2.5	65	0.7	7.7
58345	2015	11	29	10.5	16.1	8.4	83	0.6	2.5
58345	2015	11	30	9.6	13.8	4.9	91	0.4	2.8
58345	2015	12	1	13.3	17.6	11.1	85	1.9	4.2
58345	2015	12	2	11.6	13.3	9.5	77	1.7	1.3
58345	2015	12	3	8.2	12.8	4.7	46	2.3	9
58345	2015	12	4	6.3	11.1	3.4	45	1.4	7.4
58345	2015	12	5	4.9	7.8	3.7	78	0.7	0
58345	2015	12	6	5.8	10	3.5	80	0.9	4.5
58345	2015	12	7	5	11.8	0	84	0.7	6.9
58345	2015	12	8	8.6	13.4	3.4	79	2.6	7.9
58345	2015	12	9	10.3	12.1	8.5	89	1.1	0
58345	2015	12	10	10.7	11.5	10.1	92	2.7	0
58345	2015	12	11	8.4	10.7	5.8	83	1.6	0
58345	2015	12	12	5.5	10.1	1.9	78	1.1	5.5
58345	2015	12	13	6.9	7.7	4.8	87	1	0
58345	2015	12	14	7.2	9	5.7	71	1.8	0
58345	2015	12	15	7.5	10.2	6.1	68	2.3	0
58345	2015	12	16	4.7	7.3	2.5	42	2.9	8.3
58345	2015	12	17	1.5	6.1	-0.9	43	1.6	9.3
58345	2015	12	18	0.2	7.2	-4.5	68	0.7	9.2
58345	2015	12	19	4.7	8.4	-0.4	77	2.1	2.4
58345	2015	12	20	5.9	7.3	5.5	93	1.6	0
58345	2015	12	21	5.4	9.4	2.7	86	1.6	5
58345	2015	12	22	8	10.8	5.4	88	2	0
58345	2015	12	23	8.9	10	8	85	1.5	0
58345	2015	12	24	8.6	9	8.3	97	1.4	0
58345	2015	12	25	8.1	10.8	6.1	77	1.5	3.4
58345	2015	12	26	6.9	13.8	2.4	73	1.2	8.8
58345	2015	12	27	6.6	8.2	4.7	81	2.2	0
58345	2015	12	28	4.2	7.7	2.3	73	1.4	2.5
58345	2015	12	29	3.7	8.9	0.5	79	0.6	7.5
58345	2015	12	30	5.4	11.8	-0.1	78	1.4	7.8
58345	2015	12	31	4.5	9.1	1	75	0.7	5.3
58345	2016	1	1	4.9	10.6	-0.4	80	1.6	6.2
58345	2016	1	2	8.4	16.4	3.9	75	0.8	7.5
58345	2016	1	3	10.9	15.7	7.7	88	0.5	2.7
58345	2016	1	4	10.8	12.7	9.7	93	1.8	0
58345	2016	1	5	8.9	10.9	7.9	89	3.2	0
58345	2016	1	6	7.6	8.5	6.7	81	1.9	0
58345	2016	1	7	6.1	7.9	5.3	83	1.7	0
58345	2016	1	8	4.2	7.8	2.5	71	1	6.1
58345	2016	1	9	4.8	9.5	0.1	81	1.2	7.5
58345	2016	1	10	7.5	9.2	6.3	81	2.1	0
58345	2016	1	11	6	7.8	4	92	3	0
58345	2016	1	12	2.2	4.1	1.5	82	2.3	0
58345	2016	1	13	0.9	2.5	-0.7	76	1.2	0
58345	2016	1	14	1.5	7.6	-2.9	78	0.5	7.5
58345	2016	1	15	3	10.7	-2.3	75	0.8	8.7
58345	2016	1	16	4.3	10.8	-1.4	76	1.5	7.1
58345	2016	1	17	5.5	8.3	4.2	89	1.8	0
58345	2016	1	18	2.5	5	0	81	1.8	0
58345	2016	1	19	-0.3	3.8	-3.5	70	1.5	8.7
58345	2016	1	20	1.6	3.6	-2.1	59	3.9	0
58345	2016	1	21	0.7	2.7	-0.3	93	2	0
58345	2016	1	22	1.1	1.8	0.4	86	2.9	0
58345	2016	1	23	-2.3	0.4	-4.3	63	2.5	6.7
58345	2016	1	24	-6	-2.8	-8.5	40	3.9	8.6
58345	2016	1	25	-3.3	1.9	-7.4	47	3	9.4
58345	2016	1	26	0.5	7.1	-6.8	53	1.2	7.7
58345	2016	1	27	2.8	5.1	1	75	0.7	0
58345	2016	1	28	4.6	5.6	3.1	96	1.4	0
58345	2016	1	29	4.7	5.8	3.9	94	2.1	0
58345	2016	1	30	3.2	5.9	1.5	79	1.4	0
58345	2016	1	31	1.6	3.6	-0.1	80	3.1	0
58345	2016	2	1	-0.5	2.2	-2	71	2.2	6.1
58345	2016	2	2	0.5	5.1	-3.1	61	1.1	7.9
58345	2016	2	3	1	7.2	-3.2	71	0.7	8.9
58345	2016	2	4	1.3	5.6	-2.6	85	1.4	0
58345	2016	2	5	2.7	9.1	-2.5	70	1.1	6.8
58345	2016	2	6	3.6	7.8	-1	52	2.2	8.9
58345	2016	2	7	5.2	11.3	-2.7	40	2.2	9.2
58345	2016	2	8	6.3	17.5	-1.6	58	1.2	9.8
58345	2016	2	9	9.6	20.5	1.7	57	0.9	9.2
58345	2016	2	10	12.3	21.1	5.5	58	1.9	9.8
58345	2016	2	11	14.3	19.8	11.9	80	0.9	1.5
58345	2016	2	12	14.8	19.8	11.7	88	1.2	3.9
58345	2016	2	13	10.9	17.5	7.1	89	3.6	0
58345	2016	2	14	3.7	7.1	-0.4	63	2.4	4.9
58345	2016	2	15	2.5	6.9	-1.5	42	2.8	9.6
58345	2016	2	16	4.9	10.1	1	43	3	9.2
58345	2016	2	17	5.3	12.4	-1.4	58	1	9.4
58345	2016	2	18	8.4	16.1	1.1	51	1.1	10.1
58345	2016	2	19	7.8	11.4	4.3	68	1.2	0
58345	2016	2	20	7.9	12.7	5	40	1.8	9.3
58345	2016	2	21	5.8	11.3	0.2	63	2.1	3.9
58345	2016	2	22	6.4	8.5	5.8	92	1.9	0
58345	2016	2	23	7.6	10.1	5.7	75	1.5	0.9
58345	2016	2	24	5.8	9.6	2.2	66	2	8
58345	2016	2	25	6.2	12.4	0.7	74	1.7	9.2
58345	2016	2	26	9.3	17.8	2.6	64	1.3	7.6
58345	2016	2	27	12.8	20.1	6.6	53	2	9.9
58345	2016	2	28	13.3	19	8.4	53	3.3	8.4
58345	2016	2	29	7	11.8	1.4	57	1.6	8.6
58345	2016	3	1	6.7	11.8	2.2	65	2.5	8.9
58345	2016	3	2	10.6	20.1	3.9	74	0.8	7.4
58345	2016	3	3	12.8	17.7	8.3	78	1.1	0
58345	2016	3	4	15.6	20.3	11.4	74	1.7	1.7
58345	2016	3	5	18.1	24.2	14.5	69	2.1	6.5
58345	2016	3	6	12	17.2	10	83	2.6	0
58345	2016	3	7	14	19.2	11	87	2.1	5.2
58345	2016	3	8	8.3	14.5	5.8	90	4.6	0
58345	2016	3	9	4.3	6.7	2.7	68	3.7	0
58345	2016	3	10	4.1	7.4	2.7	50	2.3	0
58345	2016	3	11	4.3	10.2	-0.6	63	1.2	6.1
58345	2016	3	12	7.5	13.2	0.3	66	2.7	7.2
58345	2016	3	13	9.1	9.9	8.7	78	1.3	0
58345	2016	3	14	8.5	13.4	2.7	75	1.4	7.5
58345	2016	3	15	9.2	13.8	5.6	72	2.7	8.2
58345	2016	3	16	12.4	18.9	7.4	65	1	9
58345	2016	3	17	13.2	16.9	10.2	79	1.8	0
58345	2016	3	18	15.2	17.2	13.3	84	0.5	0
58345	2016	3	19	15.1	18.6	13.9	87	1.1	0
58345	2016	3	20	13.6	17.1	11	69	3.1	7.8
58345	2016	3	21	11.5	15.7	7.9	63	2.9	9.2
58345	2016	3	22	12.7	16.4	10.1	81	2.6	0
58345	2016	3	23	11.7	13.8	9.9	61	3.3	2.9
58345	2016	3	24	8.7	12.3	5.2	46	2.8	6.1
58345	2016	3	25	9.5	15.1	4	48	0.8	9.5
58345	2016	3	26	10.5	15.6	4.4	43	1.7	6.1
58345	2016	3	27	10.9	17.1	6.2	60	2	9.6
58345	2016	3	28	13.3	22.3	4.4	51	1.4	9.9
58345	2016	3	29	14.7	21.2	9.6	56	1.1	0.5
58345	2016	3	30	15.1	20.1	12.8	69	0.8	0
58345	2016	3	31	13.5	17.8	11.9	88	1.1	0
58345	2016	4	1	16.1	23.3	8.5	79	1.6	10
58345	2016	4	2	15.8	17.6	14.5	92	1.3	0
58345	2016	4	3	13.4	16.1	11.3	94	2.3	0
58345	2016	4	4	13.9	18.1	10.2	69	1.9	5.7
58345	2016	4	5	15.8	18.8	13.4	71	2.7	0
58345	2016	4	6	15.3	16.8	13.4	95	1.5	0
58345	2016	4	7	14.4	18.8	11.6	84	1.8	1.9
58345	2016	4	8	17.1	22.6	11.1	85	1.2	8.5
58345	2016	4	9	18.5	23.1	15.2	80	1.8	6.1
58345	2016	4	10	18.3	23	13.6	75	1.8	4.1
58345	2016	4	11	16.8	20.2	13.5	77	2.7	7.9
58345	2016	4	12	18.1	22	15.6	81	1.7	6.4
58345	2016	4	13	20.5	26.4	16.6	76	0.7	9.6
58345	2016	4	14	20.9	27.9	15.7	67	2	8.7
58345	2016	4	15	20.6	24.7	17	56	3.8	8.8
58345	2016	4	16	17.4	21.4	16.1	87	1.7	0
58345	2016	4	17	16.7	20.6	13.1	64	1.2	6.7
58345	2016	4	18	15.6	22.9	10.4	73	1.2	10.8
58345	2016	4	19	18.2	24.5	10.8	63	2.3	10.9
58345	2016	4	20	17.3	19.4	14.8	91	1.2	0
58345	2016	4	21	19.3	24.5	15.8	81	1.5	6.4
58345	2016	4	22	21	26.3	14	78	1.2	8
58345	2016	4	23	16	21.4	14.7	90	3.3	0
58345	2016	4	24	15.9	18.1	14.6	85	2	0
58345	2016	4	25	15.4	16.7	14.1	81	2.5	0
58345	2016	4	26	15.1	16.3	14	91	2.7	0
58345	2016	4	27	14.5	18.4	11.9	82	1.8	1.3
58345	2016	4	28	17.9	24	14.4	70	1.6	7.7
58345	2016	4	29	19.2	26	13.4	71	0.8	10.3
58345	2016	4	30	22.2	29.9	14	54	1.1	10.5
58345	2016	5	1	23.1	29.8	15.8	63	1.6	8.8
58345	2016	5	2	21.6	24.6	19.9	88	1	0
58345	2016	5	3	21	26.1	16.2	50	3.7	10.5
58345	2016	5	4	22.6	30.4	13.6	56	1.3	11.2
58345	2016	5	5	21.5	23.8	20.6	88	0.9	0
58345	2016	5	6	24.1	30.7	19	80	1.8	9.1
58345	2016	5	7	17.7	23.5	13.8	65	3.5	0
58345	2016	5	8	15.1	16.7	13.5	88	2.5	0
58345	2016	5	9	15.7	17.3	13.7	95	1.2	0
58345	2016	5	10	16.8	22.1	13.7	82	1	5.6
58345	2016	5	11	19.9	26.8	13.3	73	1.4	10.4
58345	2016	5	12	23.1	32.2	14.4	64	1.4	11
58345	2016	5	13	17.8	23.5	16.3	85	2.8	0
58345	2016	5	14	22	28.1	16.2	81	2.9	9.1
58345	2016	5	15	17	22.9	15	93	1.9	0
58345	2016	5	16	18.6	24.7	14.2	66	1.7	10.7
58345	2016	5	17	19.4	26	12.1	57	1.7	9
58345	2016	5	18	20.4	26.1	14.1	49	2.6	9.6
58345	2016	5	19	21.9	27.1	16.6	60	2.5	11.1
58345	2016	5	20	19	22.3	16.4	88	3.2	0
58345	2016	5	21	18.6	19.5	17	97	2.2	0
58345	2016	5	22	17.5	19.3	16.6	91	1.8	0
58345	2016	5	23	20.4	25.2	16.3	78	1.3	5.3
58345	2016	5	24	21.8	26.8	18.5	71	1.6	8.1
58345	2016	5	25	24.5	29.6	17.5	73	1.3	10.5
58345	2016	5	26	23.7	25.6	22.8	91	0.5	0
58345	2016	5	27	20.3	23	18.7	96	1.5	0
58345	2016	5	28	20.4	21.5	19.9	97	1.2	0
58345	2016	5	29	20.3	22.8	18.2	87	1.5	0
58345	2016	5	30	22.7	27.6	18.4	80	1.2	9
58345	2016	5	31	25	30.1	20.7	84	0.8	1.7
58345	2016	6	1	21.2	24.7	19.4	93	2.5	0
58345	2016	6	2	20.3	22	18.1	84	1.3	0
58345	2016	6	3	19.1	20.7	18	94	2	0
58345	2016	6	4	19.9	22.6	18.3	88	1.6	0
58345	2016	6	5	20.8	26	15.6	83	1.1	8.6
58345	2016	6	6	23.4	27.4	19.3	82	1.3	9.8
58345	2016	6	7	24.4	27.6	21.4	84	0.7	0
58345	2016	6	8	23.3	25.8	22.3	91	1	0
58345	2016	6	9	23.6	26.9	20.5	85	1.8	0
58345	2016	6	10	25.4	30	21.1	83	1.7	9.4
58345	2016	6	11	27	31	23.9	83	0.6	0
58345	2016	6	12	22.5	27.7	21.1	91	1.5	0
58345	2016	6	13	25.1	30	20.5	77	0.9	11.4
58345	2016	6	14	27.5	32.8	21.2	72	1.5	11.8
58345	2016	6	15	27.2	31.4	25.7	72	1.7	0
58345	2016	6	16	25	29.1	22.3	70	1.3	3.2
58345	2016	6	17	26.5	32.7	19.9	68	1.4	10.8
58345	2016	6	18	28.2	33.1	21.6	72	1.9	10.5
58345	2016	6	19	27.9	31	25.4	75	1.5	0
58345	2016	6	20	24.5	26.4	22.7	91	1.3	0
58345	2016	6	21	27.3	31.6	23.8	91	0.8	0
58345	2016	6	22	27.1	30.2	24.9	89	1.8	0
58345	2016	6	23	29.2	35.5	25.3	86	1	5.1
58345	2016	6	24	26.3	31.5	22.3	81	2.5	0
58345	2016	6	25	20.7	22.5	19.7	94	0.4	0
58345	2016	6	26	22.5	26.2	18.8	84	1.8	7.5
58345	2016	6	27	21.8	23.7	20.9	96	0.6	0
58345	2016	6	28	22.3	23.2	21.6	97	1.1	0
58345	2016	6	29	25.6	30.7	21.5	90	1.2	1.5
58345	2016	6	30	28.8	33.7	23	76	1.4	9
58345	2016	7	1	25.2	29.2	22.5	91	2.6	0
58345	2016	7	2	22.8	23.5	22.1	98	0.8	0
58345	2016	7	3	24.4	25.7	23.4	98	1.2	0
58345	2016	7	4	26.3	31	24	90	1	0
58345	2016	7	5	26.5	29.7	24.1	89	1.1	0
58345	2016	7	6	26.1	27.7	24.7	90	1	0
58345	2016	7	7	26.6	31.3	23.7	87	1.8	7.6
58345	2016	7	8	28.9	32.6	25.7	80	2.3	10.2
58345	2016	7	9	28	30.6	25.8	82	3	7
58345	2016	7	10	27	29.7	25.9	88	2.3	0
58345	2016	7	11	28	31.4	26.6	89	1.5	2.5
58345	2016	7	12	29.5	33.8	26.3	82	0.9	6.4
58345	2016	7	13	29.3	34.3	26.7	85	1.3	2.8
58345	2016	7	14	28.4	31.4	27	90	0.9	0
58345	2016	7	15	29.9	35.6	26.3	81	2.6	8.1
58345	2016	7	16	25.2	28.3	23.1	79	1.3	7.5
58345	2016	7	17	28.2	32.6	23.2	79	1	10.6
58345	2016	7	18	29.8	34	25.9	78	1.7	11.6
58345	2016	7	19	29.4	33.7	25.4	78	1.6	6.1
58345	2016	7	20	32.4	37	26.8	64	2	11.9
58345	2016	7	21	33.3	37.3	28.5	60	1.9	12.3
58345	2016	7	22	33.2	37.8	29.6	62	1.8	12.2
58345	2016	7	23	34	38.2	28.4	58	2	12.3
58345	2016	7	24	33.8	38.5	29	62	1.4	12.4
58345	2016	7	25	34.1	39.2	29.2	64	1	11.9
58345	2016	7	26	34	38.4	29.3	66	1.6	12
58345	2016	7	27	33.8	38.8	29.3	66	2	11.6
58345	2016	7	28	34.1	38.8	30.7	60	2.4	12
58345	2016	7	29	34.5	39	30.6	60	2.1	10.2
58345	2016	7	30	32.3	36.6	29.3	73	1.2	8.4
58345	2016	7	31	31.8	35.7	28.3	71	2.3	12.3
58345	2016	8	1	31.3	35.2	27.7	70	3	12.2
58345	2016	8	2	32.1	36.7	28.3	71	2.1	7
58345	2016	8	3	27.8	30.8	25.1	83	0.7	3.2
58345	2016	8	4	28.7	33.9	26.2	80	1.5	9.2
58345	2016	8	5	30.2	34.5	26.9	74	1.5	8.7
58345	2016	8	6	29.9	34.1	26.3	78	1	7.9
58345	2016	8	7	30.8	35	27.1	73	2	11.4
58345	2016	8	8	30.5	34.5	26.8	72	2.5	11.8
58345	2016	8	9	30.2	34.9	27.2	75	2.5	9.3
58345	2016	8	10	30.6	34.8	27.9	79	2.8	10.1
58345	2016	8	11	31.3	35.3	27.8	72	1.9	10.9
58345	2016	8	12	31.6	35.5	28.2	74	2.7	10.8
58345	2016	8	13	31.9	36.2	27.8	72	2.7	11.6
58345	2016	8	14	31.5	35.6	27.9	70	1.8	10.9
58345	2016	8	15	31.2	36.3	27.3	71	1.9	10.7
58345	2016	8	16	31.7	35.6	28	71	1.6	10.5
58345	2016	8	17	31.6	35.9	27.5	68	2.6	10.7
58345	2016	8	18	31.6	35.9	27.4	74	2.8	10.4
58345	2016	8	19	33.1	38.9	28.6	72	1.5	10.8
58345	2016	8	20	29.9	37.5	27.3	82	1.1	5.1
58345	2016	8	21	29.3	31.4	28	86	0.8	0
58345	2016	8	22	31.4	35.1	28	74	1.2	8.2
58345	2016	8	23	31	35	27	67	1.8	10.3
58345	2016	8	24	30.1	34.5	25.7	60	1.8	10.9
58345	2016	8	25	30.3	34.8	25	68	1.4	10.9
58345	2016	8	26	27.2	31.4	24.3	80	3.5	3.2
58345	2016	8	27	26.2	30.2	23	57	1.9	2.7
58345	2016	8	28	26.3	31.4	21.5	50	2.2	11
58345	2016	8	29	25.8	30.7	20	58	1.6	10.9
58345	2016	8	30	26.1	30.9	20.3	49	1.7	10.8
58345	2016	8	31	26.3	33.4	20	56	1.7	10.6
58345	2016	9	1	28.1	34.3	24.4	56	1.9	10.5
58345	2016	9	2	29	34.7	24.6	54	1.6	9.6
58345	2016	9	3	28.2	34.8	21.2	59	1.4	10.4
58345	2016	9	4	27.4	32.3	22.3	66	1.3	6.1
58345	2016	9	5	27.9	32.9	24.5	62	1.3	6.8
58345	2016	9	6	22.7	26.7	21	86	1.3	0
58345	2016	9	7	21.2	24	19.7	92	1.2	1.4
58345	2016	9	8	24.2	30.1	19.7	81	0.8	9.3
58345	2016	9	9	25.7	31.7	21.1	78	1.5	8.3
58345	2016	9	10	25.2	27.3	23.7	81	0.6	0
58345	2016	9	11	22.8	24.9	20.8	83	1.1	0
58345	2016	9	12	23.6	29.2	18.4	79	1.5	10.5
58345	2016	9	13	25.3	30.5	20.5	77	1.3	9.9
58345	2016	9	14	20.7	24.9	19.5	94	1.9	0
58345	2016	9	15	22.1	23.8	19.6	97	2.2	0
58345	2016	9	16	23.1	25.9	21.8	96	2.1	0
58345	2016	9	17	23.8	27.6	21	85	1.7	4.6
58345	2016	9	18	24.2	28.3	21.1	76	2.5	10
58345	2016	9	19	23	26.8	20.4	70	3	8.5
58345	2016	9	20	21.9	25.9	18.5	64	1.6	10.1
58345	2016	9	21	21.6	25.9	17.5	78	1.1	1.7
58345	2016	9	22	22.1	27.7	18	80	0.8	8.6
58345	2016	9	23	22.8	27.5	19.1	84	1.4	9.3
58345	2016	9	24	24.2	28.9	19.7	80	2.2	9.8
58345	2016	9	25	24.6	29.1	21.6	80	1.9	8.5
58345	2016	9	26	25.4	29.5	22.1	79	2	10.2
58345	2016	9	27	27.3	31.7	23.7	82	1.8	9.1
58345	2016	9	28	23.8	28.2	20.3	91	3.1	0
58345	2016	9	29	18.5	20.3	17.7	97	3.2	0
58345	2016	9	30	19.2	20.3	17.9	98	1	0
58345	2016	10	1	21.5	23.9	19.5	95	0.5	0
58345	2016	10	2	22.7	25.3	21.3	93	1	0
58345	2016	10	3	22.4	26.5	20.8	87	1.2	4.7
58345	2016	10	4	21.6	23.7	19.2	89	1.3	0
58345	2016	10	5	23.6	27.5	20.6	80	1.4	6.6
58345	2016	10	6	22.4	25.6	20.4	81	2.8	0
58345	2016	10	7	18.7	20.7	17.1	94	1.8	0
58345	2016	10	8	19.9	23.6	18.3	79	2.2	5.9
58345	2016	10	9	16.8	21.4	12.8	69	1.9	6.8
58345	2016	10	10	17.2	22.1	11.8	74	1.9	7
58345	2016	10	11	18.2	21.9	14.9	80	1.4	1.9
58345	2016	10	12	18.2	20	16.1	84	1.2	0
58345	2016	10	13	18.3	19.3	17.9	85	1.6	0
58345	2016	10	14	17	18.6	14.7	90	0.5	0
58345	2016	10	15	20.1	23.1	17.6	86	2.2	0
58345	2016	10	16	21.1	24.1	18.8	86	1.2	0
58345	2016	10	17	19.8	23.1	18.5	78	1	5.4
58345	2016	10	18	21.4	24.5	18.4	83	2	6.2
58345	2016	10	19	20.1	21.6	19.7	94	1.9	0
58345	2016	10	20	20.3	21.4	19.7	97	2.3	0
58345	2016	10	21	20.4	21.1	20	98	1.7	0
58345	2016	10	22	20.8	21.6	20.3	98	2.7	0
58345	2016	10	23	18.4	20.4	17.6	97	2.1	0
58345	2016	10	24	19.8	22.8	17.6	90	1.4	0
58345	2016	10	25	16.7	20.3	15.3	89	1.7	0
58345	2016	10	26	17.3	19.1	16	97	2.6	0
58345	2016	10	27	16.7	17.9	16.1	97	2.4	0
58345	2016	10	28	15.6	18.5	13.4	93	2.4	0
58345	2016	10	29	12.3	13.6	11.6	85	2.8	0
58345	2016	10	30	13.6	18.3	9.7	84	1.4	7.5
58345	2016	10	31	13.8	14.7	13.4	95	1.8	0
58345	2016	11	1	12.2	15.4	10.7	75	2.6	5
58345	2016	11	2	10.8	15.9	7.1	79	1.3	5.1
58345	2016	11	3	11.6	19.4	6.2	83	0.6	9.4
58345	2016	11	4	13.5	23	7.7	81	0.6	9.4
58345	2016	11	5	15.3	24	9.1	84	0.6	8.9
58345	2016	11	6	16.8	23.7	11.5	83	1.2	7.7
58345	2016	11	7	17	19.1	15.9	96	2.7	0
58345	2016	11	8	11	15.9	9.7	78	3.4	0
58345	2016	11	9	10	12.4	8.1	69	1.8	0
58345	2016	11	10	10.5	13.5	9.2	78	1.4	1.3
58345	2016	11	11	12.1	18.9	7.8	75	1.5	9.8
58345	2016	11	12	13.2	17.5	8.7	85	0.6	2.9
58345	2016	11	13	16	20.2	12.8	86	0.3	2.8
58345	2016	11	14	17.2	21.8	13.8	81	0.7	2.7
58345	2016	11	15	15.2	18.5	13	73	2.3	7.3
58345	2016	11	16	13.9	17.9	10.7	80	2.1	3.5
58345	2016	11	17	14.7	15.4	13.9	98	2	0
58345	2016	11	18	17.2	19.4	15	95	1.1	0
58345	2016	11	19	18.7	20.9	17.6	94	0.8	0
58345	2016	11	20	16.7	18.7	15.6	95	2.7	0
58345	2016	11	21	16.2	18.4	15	95	2.1	0
58345	2016	11	22	9	16.1	4.6	90	5.6	0
58345	2016	11	23	1.8	4.7	0.7	94	2.9	0
58345	2016	11	24	2.4	5.7	-0.8	71	1.8	7.1
58345	2016	11	25	5.2	7.6	2.5	81	1.5	0
58345	2016	11	26	6.1	7.8	5.2	90	1.4	0
58345	2016	11	27	7.6	14.6	2.5	76	0.8	8.5
58345	2016	11	28	6.6	12.9	2.2	82	0.6	6.9
58345	2016	11	29	8.2	13.1	3.4	81	1.5	3.9
58345	2016	11	30	10.3	13.2	8.7	82	1.3	6.4
58345	2016	12	1	9.4	14.2	5.5	78	1.5	8.1
58345	2016	12	2	8.3	14.3	4.2	78	1.6	9.3
58345	2016	12	3	9	16.1	4.2	87	1.4	7.2
58345	2016	12	4	12.3	18.4	8.8	76	1	7.3
58345	2016	12	5	12.2	19.8	5.7	76	2.2	8.9
58345	2016	12	6	7.9	13.7	5.1	71	1.1	7.4
58345	2016	12	7	8.3	15.8	2.7	77	0.6	8.5
58345	2016	12	8	9.4	18.2	3.6	77	1	8.6
58345	2016	12	9	9	13.9	5.5	76	2.1	8
58345	2016	12	10	9.3	11.4	7.2	72	3	0
58345	2016	12	11	9.4	13.2	5.6	77	2.7	4.8
58345	2016	12	12	10.5	14.8	6.6	89	0.3	0.7
58345	2016	12	13	10.3	11.4	8.9	95	1.7	0
58345	2016	12	14	4.7	9.4	3.4	74	2.3	1.7
58345	2016	12	15	3.2	8	0.3	69	1.5	7.4
58345	2016	12	16	3.1	9.1	-0.9	81	0.7	6.6
58345	2016	12	17	4.1	11.7	-1.8	82	1.1	8
58345	2016	12	18	8	15.2	1.6	83	0.3	3.7
58345	2016	12	19	11.1	16	6.5	82	0.8	2.6
58345	2016	12	20	10.8	12.3	9.7	92	1.9	0
58345	2016	12	21	11.4	13.3	10	96	2.4	0
58345	2016	12	22	8.8	11.4	7.7	77	2.6	0
58345	2016	12	23	6.5	10.8	2.6	71	1.1	8
58345	2016	12	24	6.5	8.3	4.5	71	3.3	0
58345	2016	12	25	9	9.8	7.8	94	3	0
58345	2016	12	26	8.5	10	7	96	2.4	0
58345	2016	12	27	4.5	7	2	72	2.7	7.3
58345	2016	12	28	1.6	6.3	-1.9	79	1.1	4
58345	2016	12	29	2.5	6.5	-1.4	76	1.1	7.3
58345	2016	12	30	3	10.1	-2	85	1.6	6.6
58345	2016	12	31	4.4	12.1	-0.3	78	0.9	8.2
