Y	M	D	111
2011	1	1	0
2011	1	2	0.1
2011	1	3	1.2
2011	1	4	0
2011	1	5	0
2011	1	6	0
2011	1	7	0
2011	1	8	0
2011	1	9	0
2011	1	10	0
2011	1	11	0
2011	1	12	0
2011	1	13	0
2011	1	14	0
2011	1	15	0
2011	1	16	0
2011	1	17	0
2011	1	18	2
2011	1	19	2.9
2011	1	20	9
2011	1	21	0.1
2011	1	22	0
2011	1	23	0.2
2011	1	24	0
2011	1	25	0
2011	1	26	0
2011	1	27	1
2011	1	28	4.7
2011	1	29	0
2011	1	30	0
2011	1	31	0
2011	2	1	0
2011	2	2	0
2011	2	3	0
2011	2	4	0
2011	2	5	0
2011	2	6	0
2011	2	7	0
2011	2	8	0
2011	2	9	0.7
2011	2	10	10.5
2011	2	11	0
2011	2	12	0
2011	2	13	0.8
2011	2	14	0.4
2011	2	15	0
2011	2	16	1.2
2011	2	17	0
2011	2	18	0
2011	2	19	0
2011	2	20	0
2011	2	21	0
2011	2	22	0
2011	2	23	0
2011	2	24	0
2011	2	25	0
2011	2	26	9.5
2011	2	27	3.1
2011	2	28	1.1
2011	3	1	4.7
2011	3	2	0
2011	3	3	0
2011	3	4	0
2011	3	5	0
2011	3	6	3.1
2011	3	7	0.1
2011	3	8	0
2011	3	9	0
2011	3	10	0
2011	3	11	0
2011	3	12	0
2011	3	13	0
2011	3	14	2.3
2011	3	15	0
2011	3	16	0
2011	3	17	0
2011	3	18	0
2011	3	19	2
2011	3	20	8.3
2011	3	21	16.1
2011	3	22	3.1
2011	3	23	0
2011	3	24	0
2011	3	25	0
2011	3	26	0
2011	3	27	0
2011	3	28	0
2011	3	29	0
2011	3	30	0
2011	3	31	0
2011	4	1	0
2011	4	2	0
2011	4	3	8.7
2011	4	4	0
2011	4	5	0
2011	4	6	4.1
2011	4	7	2.5
2011	4	8	0
2011	4	9	0
2011	4	10	0
2011	4	11	0
2011	4	12	0
2011	4	13	0.5
2011	4	14	0
2011	4	15	0
2011	4	16	0
2011	4	17	0
2011	4	18	0
2011	4	19	0
2011	4	20	0
2011	4	21	0.8
2011	4	22	4.3
2011	4	23	0
2011	4	24	0
2011	4	25	0
2011	4	26	0
2011	4	27	3.2
2011	4	28	0
2011	4	29	0
2011	4	30	0
2011	5	1	0
2011	5	2	0
2011	5	3	1.8
2011	5	4	0
2011	5	5	0
2011	5	6	0
2011	5	7	0
2011	5	8	0
2011	5	9	0
2011	5	10	2
2011	5	11	3.6
2011	5	12	0.4
2011	5	13	0
2011	5	14	0
2011	5	15	0
2011	5	16	0
2011	5	17	0
2011	5	18	0
2011	5	19	0
2011	5	20	0
2011	5	21	0
2011	5	22	5.9
2011	5	23	11.8
2011	5	24	0
2011	5	25	0
2011	5	26	0
2011	5	27	0
2011	5	28	0
2011	5	29	0
2011	5	30	0
2011	5	31	3.5
2011	6	1	0
2011	6	2	0
2011	6	3	0
2011	6	4	11
2011	6	5	7.5
2011	6	6	18.6
2011	6	7	11.5
2011	6	8	0
2011	6	9	10
2011	6	10	75.9
2011	6	11	10.5
2011	6	12	1
2011	6	13	0
2011	6	14	13
2011	6	15	8.1
2011	6	16	0
2011	6	17	38.55
2011	6	18	70.55
2011	6	19	15.5
2011	6	20	0
2011	6	21	8.2
2011	6	22	0.15
2011	6	23	0
2011	6	24	36.4
2011	6	25	26.5
2011	6	26	0.5
2011	6	27	0
2011	6	28	1.8
2011	6	29	1.65
2011	6	30	1.55
2011	7	1	1.65
2011	7	2	0
2011	7	3	0
2011	7	4	0
2011	7	5	0.95
2011	7	6	0.05
2011	7	7	0
2011	7	8	1.2
2011	7	9	0.1
2011	7	10	0
2011	7	11	6.5
2011	7	12	18.6
2011	7	13	8.95
2011	7	14	23.85
2011	7	15	0
2011	7	16	24.5
2011	7	17	70.5
2011	7	18	28.5
2011	7	19	25
2011	7	20	0.4
2011	7	21	0
2011	7	22	0
2011	7	23	0
2011	7	24	0
2011	7	25	0
2011	7	26	0
2011	7	27	0.9
2011	7	28	0
2011	7	29	0
2011	7	30	0
2011	7	31	0
2011	8	1	25.05
2011	8	2	0.9
2011	8	3	2.15
2011	8	4	3
2011	8	5	3
2011	8	6	8.5
2011	8	7	19
2011	8	8	0
2011	8	9	2
2011	8	10	34
2011	8	11	6
2011	8	12	41.45
2011	8	13	11.75
2011	8	14	1.45
2011	8	15	0
2011	8	16	0
2011	8	17	0
2011	8	18	0
2011	8	19	32.7
2011	8	20	12.05
2011	8	21	1.45
2011	8	22	26
2011	8	23	9
2011	8	24	32.75
2011	8	25	9
2011	8	26	4.6
2011	8	27	1.85
2011	8	28	0.05
2011	8	29	1.5
2011	8	30	34
2011	8	31	0.2
2011	9	1	0
2011	9	2	0
2011	9	3	0
2011	9	4	0
2011	9	5	0
2011	9	6	0
2011	9	7	0.3
2011	9	8	0
2011	9	9	7.5
2011	9	10	0.15
2011	9	11	0
2011	9	12	0
2011	9	13	0
2011	9	14	0
2011	9	15	0
2011	9	16	3.5
2011	9	17	2.35
2011	9	18	0
2011	9	19	0
2011	9	20	0
2011	9	21	0
2011	9	22	0
2011	9	23	0
2011	9	24	0
2011	9	25	0
2011	9	26	0
2011	9	27	0
2011	9	28	0
2011	9	29	4
2011	9	30	11.55
2011	10	1	2
2011	10	2	5.6
2011	10	3	0.5
2011	10	4	0
2011	10	5	0
2011	10	6	0
2011	10	7	0
2011	10	8	0
2011	10	9	0
2011	10	10	0
2011	10	11	0
2011	10	12	0.1
2011	10	13	1
2011	10	14	0.65
2011	10	15	0
2011	10	16	0
2011	10	17	0
2011	10	18	0
2011	10	19	0
2011	10	20	0
2011	10	21	3
2011	10	22	0
2011	10	23	0.5
2011	10	24	11
2011	10	25	0
2011	10	26	0
2011	10	27	0
2011	10	28	2
2011	10	29	3.9
2011	10	30	0
2011	10	31	0
2011	11	1	0
2011	11	2	0
2011	11	3	0.05
2011	11	4	0.05
2011	11	5	0
2011	11	6	1.5
2011	11	7	0.05
2011	11	8	2
2011	11	9	0
2011	11	10	0
2011	11	11	0
2011	11	12	0
2011	11	13	0
2011	11	14	0
2011	11	15	0
2011	11	16	0
2011	11	17	0.2
2011	11	18	1.5
2011	11	19	4.5
2011	11	20	0
2011	11	21	0
2011	11	22	0
2011	11	23	0
2011	11	24	0
2011	11	25	0
2011	11	26	0
2011	11	27	0
2011	11	28	0
2011	11	29	0.1
2011	11	30	17
2011	12	1	1.95
2011	12	2	0
2011	12	3	0
2011	12	4	0
2011	12	5	0
2011	12	6	0.8
2011	12	7	13.5
2011	12	8	8.7
2011	12	9	0
2011	12	10	0
2011	12	11	0
2011	12	12	0
2011	12	13	0
2011	12	14	0
2011	12	15	0
2011	12	16	0
2011	12	17	0
2011	12	18	0
2011	12	19	0
2011	12	20	0
2011	12	21	0
2011	12	22	0
2011	12	23	0
2011	12	24	0
2011	12	25	0
2011	12	26	0
2011	12	27	0
2011	12	28	0
2011	12	29	0
2011	12	30	0
2011	12	31	0
2012	1	1	0
2012	1	2	0
2012	1	3	0
2012	1	4	0
2012	1	5	0
2012	1	6	0
2012	1	7	0
2012	1	8	2
2012	1	9	0
2012	1	10	0
2012	1	11	0
2012	1	12	0
2012	1	13	1.5
2012	1	14	14.5
2012	1	15	3.95
2012	1	16	2.3
2012	1	17	0
2012	1	18	7.25
2012	1	19	1.45
2012	1	20	0
2012	1	21	3.9
2012	1	22	0.6
2012	1	23	1
2012	1	24	0
2012	1	25	0
2012	1	26	0
2012	1	27	5
2012	1	28	9.1
2012	1	29	1.5
2012	1	30	1.95
2012	1	31	0
2012	2	1	0
2012	2	2	0
2012	2	3	0
2012	2	4	0.5
2012	2	5	0.5
2012	2	6	23
2012	2	7	0
2012	2	8	0
2012	2	9	0
2012	2	10	0.5
2012	2	11	0
2012	2	12	6.1
2012	2	13	4
2012	2	14	22.15
2012	2	15	9.5
2012	2	16	1.05
2012	2	17	0
2012	2	18	0
2012	2	19	0
2012	2	20	2
2012	2	21	2.5
2012	2	22	20.95
2012	2	23	0.5
2012	2	24	1.5
2012	2	25	0.05
2012	2	26	0
2012	2	27	0
2012	2	28	3
2012	2	29	3.75
2012	3	1	6.55
2012	3	2	0
2012	3	3	1
2012	3	4	21.5
2012	3	5	6
2012	3	6	0.5
2012	3	7	12
2012	3	8	4.95
2012	3	9	0
2012	3	10	0
2012	3	11	0
2012	3	12	0
2012	3	13	0
2012	3	14	0
2012	3	15	21.15
2012	3	16	4.05
2012	3	17	16.25
2012	3	18	2.5
2012	3	19	10
2012	3	20	7.15
2012	3	21	0
2012	3	22	22
2012	3	23	11.55
2012	3	24	0
2012	3	25	0
2012	3	26	0
2012	3	27	0
2012	3	28	0
2012	3	29	0
2012	3	30	16
2012	3	31	0
2012	4	1	0
2012	4	2	3
2012	4	3	3.1
2012	4	4	0
2012	4	5	0
2012	4	6	0
2012	4	7	0
2012	4	8	0
2012	4	9	0
2012	4	10	6.5
2012	4	11	21.75
2012	4	12	1.5
2012	4	13	4.05
2012	4	14	0.05
2012	4	15	0
2012	4	16	0
2012	4	17	0
2012	4	18	0
2012	4	19	0
2012	4	20	32.5
2012	4	21	10
2012	4	22	0
2012	4	23	0
2012	4	24	1
2012	4	25	0.55
2012	4	26	0
2012	4	27	0
2012	4	28	0
2012	4	29	7.5
2012	4	30	11
2012	5	1	2.9
2012	5	2	0
2012	5	3	0
2012	5	4	0
2012	5	5	0
2012	5	6	0
2012	5	7	14.5
2012	5	8	78
2012	5	9	0
2012	5	10	0
2012	5	11	0
2012	5	12	7
2012	5	13	14
2012	5	14	25.5
2012	5	15	1.5
2012	5	16	0
2012	5	17	0
2012	5	18	0.5
2012	5	19	26.5
2012	5	20	0.45
2012	5	21	0
2012	5	22	0
2012	5	23	3
2012	5	24	4.85
2012	5	25	2
2012	5	26	0.25
2012	5	27	0
2012	5	28	0
2012	5	29	8.5
2012	5	30	15.5
2012	5	31	0
2012	6	1	0.5
2012	6	2	0.2
2012	6	3	0
2012	6	4	0
2012	6	5	0
2012	6	6	1
2012	6	7	0.6
2012	6	8	0
2012	6	9	0
2012	6	10	0
2012	6	11	1
2012	6	12	0
2012	6	13	0
2012	6	14	0
2012	6	15	0
2012	6	16	0
2012	6	17	0.5
2012	6	18	0
2012	6	19	0
2012	6	20	0
2012	6	21	0
2012	6	22	0
2012	6	23	0
2012	6	24	0
2012	6	25	0
2012	6	26	10
2012	6	27	4.55
2012	6	28	6
2012	6	29	0
2012	6	30	32
2012	7	1	5.5
2012	7	2	0
2012	7	3	0
2012	7	4	0
2012	7	5	0
2012	7	6	2.9
2012	7	7	5.65
2012	7	8	2.9
2012	7	9	0
2012	7	10	0
2012	7	11	11.5
2012	7	12	0
2012	7	13	47.7
2012	7	14	30.6
2012	7	15	0
2012	7	16	0
2012	7	17	0
2012	7	18	0
2012	7	19	0
2012	7	20	0
2012	7	21	0
2012	7	22	0
2012	7	23	0
2012	7	24	0
2012	7	25	0
2012	7	26	0
2012	7	27	0
2012	7	28	0
2012	7	29	0
2012	7	30	0
2012	7	31	0
2012	8	1	0
2012	8	2	26.5
2012	8	3	23
2012	8	4	0
2012	8	5	0
2012	8	6	0
2012	8	7	0.05
2012	8	8	167.5
2012	8	9	32.5
2012	8	10	5.5
2012	8	11	3.25
2012	8	12	4
2012	8	13	0
2012	8	14	12.4
2012	8	15	0
2012	8	16	0
2012	8	17	0
2012	8	18	0.5
2012	8	19	9
2012	8	20	1.7
2012	8	21	2.95
2012	8	22	9.5
2012	8	23	0
2012	8	24	0
2012	8	25	5
2012	8	26	0
2012	8	27	4.85
2012	8	28	37.5
2012	8	29	0
2012	8	30	0
2012	8	31	0
2012	9	1	0
2012	9	2	18
2012	9	3	7.15
2012	9	4	0.5
2012	9	5	0
2012	9	6	0
2012	9	7	1.5
2012	9	8	35.5
2012	9	9	40.55
2012	9	10	0
2012	9	11	0
2012	9	12	12.5
2012	9	13	7
2012	9	14	0.5
2012	9	15	0
2012	9	16	0
2012	9	17	0
2012	9	18	0
2012	9	19	0
2012	9	20	0
2012	9	21	0
2012	9	22	1
2012	9	23	0
2012	9	24	0
2012	9	25	0
2012	9	26	0
2012	9	27	0
2012	9	28	0
2012	9	29	0
2012	9	30	0
2012	10	1	0
2012	10	2	0
2012	10	3	0
2012	10	4	0
2012	10	5	0.5
2012	10	6	0.05
2012	10	7	0
2012	10	8	0
2012	10	9	0
2012	10	10	0
2012	10	11	0
2012	10	12	0
2012	10	13	0
2012	10	14	0.05
2012	10	15	0
2012	10	16	3.5
2012	10	17	2.45
2012	10	18	0
2012	10	19	0
2012	10	20	0
2012	10	21	0.25
2012	10	22	20.25
2012	10	23	0.5
2012	10	24	2
2012	10	25	0.7
2012	10	26	0.05
2012	10	27	9.5
2012	10	28	0
2012	10	29	11.75
2012	10	30	6.45
2012	10	31	0
2012	11	1	0
2012	11	2	0
2012	11	3	12.5
2012	11	4	0.9
2012	11	5	3.25
2012	11	6	0
2012	11	7	0
2012	11	8	1.5
2012	11	9	10.2
2012	11	10	7.25
2012	11	11	0
2012	11	12	7.75
2012	11	13	0
2012	11	14	0
2012	11	15	0
2012	11	16	6.7
2012	11	17	0.4
2012	11	18	0
2012	11	19	0
2012	11	20	3.75
2012	11	21	8.85
2012	11	22	21.5
2012	11	23	12.8
2012	11	24	0.1
2012	11	25	7.3
2012	11	26	0.1
2012	11	27	0
2012	11	28	0.25
2012	11	29	1.15
2012	11	30	3.65
2012	12	1	5.6
2012	12	2	9.55
2012	12	3	0
2012	12	4	0
2012	12	5	0
2012	12	6	0
2012	12	7	0
2012	12	8	0
2012	12	9	0
2012	12	10	0
2012	12	11	0
2012	12	12	0
2012	12	13	0
2012	12	14	1.6
2012	12	15	16.1
2012	12	16	7
2012	12	17	2
2012	12	18	3.65
2012	12	19	0
2012	12	20	9.25
2012	12	21	4.8
2012	12	22	2.4
2012	12	23	0
2012	12	24	0
2012	12	25	0
2012	12	26	12.25
2012	12	27	17.95
2012	12	28	3.4
2012	12	29	7.45
2012	12	30	2.55
2012	12	31	3.25
2013	1	1	0
2013	1	2	0
2013	1	3	0
2013	1	4	0.65
2013	1	5	2.2
2013	1	6	3.1
2013	1	7	0.1
2013	1	8	0
2013	1	9	0
2013	1	10	0.25
2013	1	11	0
2013	1	12	0
2013	1	13	3.2
2013	1	14	0
2013	1	15	0.35
2013	1	16	0
2013	1	17	0
2013	1	18	0
2013	1	19	0
2013	1	20	0
2013	1	21	2.9
2013	1	22	0.3
2013	1	23	0
2013	1	24	0
2013	1	25	0
2013	1	26	0
2013	1	27	0
2013	1	28	0
2013	1	29	0
2013	1	30	0
2013	1	31	8.95
2013	2	1	26.05
2013	2	2	0
2013	2	3	0.8
2013	2	4	2.05
2013	2	5	26.55
2013	2	6	0.1
2013	2	7	3.55
2013	2	8	0.2
2013	2	9	2
2013	2	10	0.7
2013	2	11	0
2013	2	12	3.95
2013	2	13	0
2013	2	14	4
2013	2	15	1.45
2013	2	16	0
2013	2	17	2.35
2013	2	18	16.55
2013	2	19	17.8
2013	2	20	9.4
2013	2	21	0
2013	2	22	0.6
2013	2	23	0
2013	2	24	0
2013	2	25	0
2013	2	26	13.6
2013	2	27	0
2013	2	28	0
2013	3	1	8.5
2013	3	2	0
2013	3	3	0
2013	3	4	0
2013	3	5	0
2013	3	6	0
2013	3	7	0
2013	3	8	0
2013	3	9	0
2013	3	10	0.75
2013	3	11	2.6
2013	3	12	0
2013	3	13	12.05
2013	3	14	7.75
2013	3	15	0
2013	3	16	5.25
2013	3	17	15.25
2013	3	18	3.65
2013	3	19	0.75
2013	3	20	0.75
2013	3	21	0
2013	3	22	14.2
2013	3	23	8
2013	3	24	4.7
2013	3	25	0
2013	3	26	0.45
2013	3	27	0
2013	3	28	0
2013	3	29	0
2013	3	30	0
2013	3	31	0
2013	4	1	0
2013	4	2	0
2013	4	3	0.25
2013	4	4	0.85
2013	4	5	10.75
2013	4	6	12.05
2013	4	7	0
2013	4	8	0
2013	4	9	0
2013	4	10	0
2013	4	11	0
2013	4	12	0
2013	4	13	0
2013	4	14	0
2013	4	15	0
2013	4	16	0
2013	4	17	0
2013	4	18	0
2013	4	19	0.5
2013	4	20	14.2
2013	4	21	0
2013	4	22	18.25
2013	4	23	11.3
2013	4	24	0.1
2013	4	25	0
2013	4	26	0
2013	4	27	0
2013	4	28	0
2013	4	29	5.75
2013	4	30	12.7
2013	5	1	0
2013	5	2	0
2013	5	3	0
2013	5	4	0
2013	5	5	0
2013	5	6	12.65
2013	5	7	1.25
2013	5	8	26.15
2013	5	9	15.8
2013	5	10	0.85
2013	5	11	0
2013	5	12	0
2013	5	13	0
2013	5	14	0
2013	5	15	24.75
2013	5	16	67.4
2013	5	17	15.25
2013	5	18	2.9
2013	5	19	0
2013	5	20	0
2013	5	21	0
2013	5	22	0
2013	5	23	0
2013	5	24	1.5
2013	5	25	0
2013	5	26	8.05
2013	5	27	7.25
2013	5	28	0
2013	5	29	1.75
2013	5	30	19.05
2013	5	31	0.15
2013	6	1	1.7
2013	6	2	1.3
2013	6	3	0.1
2013	6	4	0
2013	6	5	0
2013	6	6	0
2013	6	7	88.9
2013	6	8	11.6
2013	6	9	2.65
2013	6	10	1
2013	6	11	2.2
2013	6	12	0
2013	6	13	0
2013	6	14	0
2013	6	15	0
2013	6	16	0
2013	6	17	0
2013	6	18	0
2013	6	19	0
2013	6	20	0
2013	6	21	0
2013	6	22	0
2013	6	23	27.3
2013	6	24	8.25
2013	6	25	21.4
2013	6	26	4.45
2013	6	27	21.25
2013	6	28	0
2013	6	29	0.45
2013	6	30	1.2
2013	7	1	0
2013	7	2	0
2013	7	3	0
2013	7	4	0
2013	7	5	57
2013	7	6	100.15
2013	7	7	0.25
2013	7	8	0
2013	7	9	0
2013	7	10	0
2013	7	11	0
2013	7	12	0
2013	7	13	0
2013	7	14	0
2013	7	15	0
2013	7	16	0
2013	7	17	0
2013	7	18	0
2013	7	19	0
2013	7	20	7
2013	7	21	35.9
2013	7	22	1.25
2013	7	23	0
2013	7	24	0
2013	7	25	0
2013	7	26	0
2013	7	27	0
2013	7	28	0
2013	7	29	0
2013	7	30	0
2013	7	31	1.45
2013	8	1	0.45
2013	8	2	0
2013	8	3	0
2013	8	4	22.05
2013	8	5	0
2013	8	6	0
2013	8	7	0
2013	8	8	0
2013	8	9	0
2013	8	10	0
2013	8	11	0
2013	8	12	0
2013	8	13	0
2013	8	14	0
2013	8	15	1.9
2013	8	16	3.1
2013	8	17	0
2013	8	18	0
2013	8	19	11.45
2013	8	20	38.9
2013	8	21	1.1
2013	8	22	2
2013	8	23	0.8
2013	8	24	14.55
2013	8	25	4.75
2013	8	26	44.25
2013	8	27	0
2013	8	28	0
2013	8	29	0
2013	8	30	0
2013	8	31	0
2013	9	1	0.25
2013	9	2	0
2013	9	3	0
2013	9	4	0
2013	9	5	17
2013	9	6	22.3
2013	9	7	0.1
2013	9	8	0
2013	9	9	0
2013	9	10	0
2013	9	11	0.3
2013	9	12	1.2
2013	9	13	12.5
2013	9	14	15.2
2013	9	15	0
2013	9	16	0
2013	9	17	0
2013	9	18	0
2013	9	19	0
2013	9	20	0
2013	9	21	0.4
2013	9	22	0
2013	9	23	0
2013	9	24	11.25
2013	9	25	5.15
2013	9	26	0
2013	9	27	0
2013	9	28	17.2
2013	9	29	0.35
2013	9	30	0
2013	10	1	0
2013	10	2	0
2013	10	3	0
2013	10	4	0
2013	10	5	0
2013	10	6	52
2013	10	7	53.65
2013	10	8	42.75
2013	10	9	1.75
2013	10	10	0
2013	10	11	0
2013	10	12	0
2013	10	13	0
2013	10	14	0
2013	10	15	0.7
2013	10	16	0
2013	10	17	0
2013	10	18	0
2013	10	19	1
2013	10	20	0
2013	10	21	0
2013	10	22	0
2013	10	23	0
2013	10	24	0
2013	10	25	0
2013	10	26	0
2013	10	27	0
2013	10	28	0
2013	10	29	0
2013	10	30	0
2013	10	31	0.15
2013	11	1	0
2013	11	2	0
2013	11	3	0
2013	11	4	0.1
2013	11	5	0
2013	11	6	0
2013	11	7	0
2013	11	8	0
2013	11	9	0.45
2013	11	10	8.3
2013	11	11	0.45
2013	11	12	2.1
2013	11	13	0.6
2013	11	14	0.45
2013	11	15	0.1
2013	11	16	0
2013	11	17	0
2013	11	18	0
2013	11	19	0
2013	11	20	0
2013	11	21	0
2013	11	22	0
2013	11	23	0
2013	11	24	11.25
2013	11	25	0.1
2013	11	26	0
2013	11	27	0
2013	11	28	0
2013	11	29	0
2013	11	30	0
2013	12	1	0
2013	12	2	0
2013	12	3	0
2013	12	4	0
2013	12	5	0
2013	12	6	0
2013	12	7	0.1
2013	12	8	0.1
2013	12	9	0.1
2013	12	10	0.25
2013	12	11	0
2013	12	12	0
2013	12	13	0
2013	12	14	0
2013	12	15	0
2013	12	16	21.2
2013	12	17	16.95
2013	12	18	0.85
2013	12	19	0
2013	12	20	0.25
2013	12	21	0
2013	12	22	0
2013	12	23	0
2013	12	24	0
2013	12	25	0
2013	12	26	0
2013	12	27	0
2013	12	28	0
2013	12	29	0
2013	12	30	0
2013	12	31	0
2014	1	1	0
2014	1	2	0
2014	1	3	0
2014	1	4	0
2014	1	5	0
2014	1	6	0
2014	1	7	7.5
2014	1	8	9
2014	1	9	0.1
2014	1	10	0
2014	1	11	4.95
2014	1	12	3.6
2014	1	13	0.25
2014	1	14	0.1
2014	1	15	0
2014	1	16	0
2014	1	17	0
2014	1	18	0
2014	1	19	0
2014	1	20	0
2014	1	21	0
2014	1	22	0
2014	1	23	0
2014	1	24	0
2014	1	25	0
2014	1	26	0
2014	1	27	0
2014	1	28	0
2014	1	29	1.8
2014	1	30	0.5
2014	1	31	0.1
2014	2	1	0
2014	2	2	0
2014	2	3	0.55
2014	2	4	0
2014	2	5	9.15
2014	2	6	24.15
2014	2	7	20.5
2014	2	8	0.15
2014	2	9	0.4
2014	2	10	0.55
2014	2	11	0
2014	2	12	1.2
2014	2	13	8.2
2014	2	14	0.2
2014	2	15	0
2014	2	16	8.15
2014	2	17	7.6
2014	2	18	17.55
2014	2	19	18.6
2014	2	20	2
2014	2	21	0
2014	2	22	1.25
2014	2	23	0
2014	2	24	5.75
2014	2	25	11.25
2014	2	26	0.55
2014	2	27	0
2014	2	28	16.85
2014	3	1	12.5
2014	3	2	0
2014	3	3	0.25
2014	3	4	1.95
2014	3	5	0
2014	3	6	0.75
2014	3	7	0
2014	3	8	1.7
2014	3	9	0
2014	3	10	0
2014	3	11	0
2014	3	12	15.25
2014	3	13	0.8
2014	3	14	0
2014	3	15	0
2014	3	16	0
2014	3	17	0
2014	3	18	0
2014	3	19	11.05
2014	3	20	0.4
2014	3	21	0
2014	3	22	0
2014	3	23	0
2014	3	24	0
2014	3	25	11.1
2014	3	26	0
2014	3	27	0
2014	3	28	3.8
2014	3	29	34.7
2014	3	30	0
2014	3	31	0
2014	4	1	0
2014	4	2	0
2014	4	3	0
2014	4	4	0
2014	4	5	0
2014	4	6	0
2014	4	7	0.75
2014	4	8	5.95
2014	4	9	0
2014	4	10	0
2014	4	11	1.6
2014	4	12	59.4
2014	4	13	0.95
2014	4	14	0.45
2014	4	15	1.5
2014	4	16	18.5
2014	4	17	23.7
2014	4	18	0
2014	4	19	28.8
2014	4	20	0.65
2014	4	21	23.75
2014	4	22	7.9
2014	4	23	0
2014	4	24	0
2014	4	25	9.75
2014	4	26	16.35
2014	4	27	12.95
2014	4	28	0
2014	4	29	0
2014	4	30	0
2014	5	1	0
2014	5	2	0
2014	5	3	0.6
2014	5	4	13.3
2014	5	5	0.1
2014	5	6	0
2014	5	7	0
2014	5	8	0
2014	5	9	0
2014	5	10	18.6
2014	5	11	51.2
2014	5	12	0
2014	5	13	7.5
2014	5	14	7.5
2014	5	15	0.65
2014	5	16	1.75
2014	5	17	4.7
2014	5	18	0.7
2014	5	19	9.5
2014	5	20	2.8
2014	5	21	0
2014	5	22	0
2014	5	23	0
2014	5	24	0.8
2014	5	25	18.4
2014	5	26	0
2014	5	27	0
2014	5	28	0
2014	5	29	0
2014	5	30	0
2014	5	31	1.6
2014	6	1	33.55
2014	6	2	0.45
2014	6	3	0
2014	6	4	0
2014	6	5	0
2014	6	6	0
2014	6	7	0
2014	6	8	0
2014	6	9	0
2014	6	10	0
2014	6	11	0
2014	6	12	0
2014	6	13	0
2014	6	14	0
2014	6	15	0
2014	6	16	0
2014	6	17	8
2014	6	18	0
2014	6	19	0
2014	6	20	10.2
2014	6	21	20.95
2014	6	22	0.35
2014	6	23	0.6
2014	6	24	0.75
2014	6	25	12.6
2014	6	26	57.05
2014	6	27	4.25
2014	6	28	0.35
2014	6	29	0
2014	6	30	0.7
2014	7	1	5.4
2014	7	2	51.95
2014	7	3	0
2014	7	4	17.4
2014	7	5	5.38
2014	7	6	0.6
2014	7	7	53.85
2014	7	8	0
2014	7	9	0
2014	7	10	0
2014	7	11	3.7
2014	7	12	52.05
2014	7	13	2.4
2014	7	14	0.25
2014	7	15	23.7
2014	7	16	27.45
2014	7	17	3.4
2014	7	18	0
2014	7	19	0
2014	7	20	4.75
2014	7	21	0
2014	7	22	0
2014	7	23	0
2014	7	24	4.5
2014	7	25	28.25
2014	7	26	61.3
2014	7	27	54.5
2014	7	28	0
2014	7	29	0
2014	7	30	0
2014	7	31	0
2014	8	1	7.05
2014	8	2	2
2014	8	3	0
2014	8	4	0
2014	8	5	20.5
2014	8	6	3.5
2014	8	7	9.405
2014	8	8	1
2014	8	9	6.8
2014	8	10	1.65
2014	8	11	0.5
2014	8	12	0.45
2014	8	13	5.75
2014	8	14	15.05
2014	8	15	1.65
2014	8	16	0.5
2014	8	17	18.4
2014	8	18	11
2014	8	19	2
2014	8	20	0.7
2014	8	21	0
2014	8	22	0
2014	8	23	0.5
2014	8	24	19.6
2014	8	25	0
2014	8	26	2
2014	8	27	31.3
2014	8	28	0
2014	8	29	11.25
2014	8	30	0
2014	8	31	20.5
2014	9	1	46.45
2014	9	2	19.9
2014	9	3	14.1
2014	9	4	0
2014	9	5	0
2014	9	6	6.9
2014	9	7	0
2014	9	8	0.45
2014	9	9	0.15
2014	9	10	0.1
2014	9	11	0
2014	9	12	5
2014	9	13	8.6
2014	9	14	0.1
2014	9	15	0
2014	9	16	0
2014	9	17	0
2014	9	18	17.5
2014	9	19	10
2014	9	20	0.5
2014	9	21	0.3
2014	9	22	1.4
2014	9	23	21
2014	9	24	0.85
2014	9	25	0.6
2014	9	26	0.3
2014	9	27	0.8
2014	9	28	1.1
2014	9	29	3.2
2014	9	30	0.9
2014	10	1	0.5
2014	10	2	0.6
2014	10	3	0.8
2014	10	4	2.3
2014	10	5	0
2014	10	6	0
2014	10	7	0
2014	10	8	0
2014	10	9	0
2014	10	10	0
2014	10	11	0
2014	10	12	0
2014	10	13	0
2014	10	14	0
2014	10	15	0
2014	10	16	0
2014	10	17	0
2014	10	18	0
2014	10	19	0
2014	10	20	0
2014	10	21	2.35
2014	10	22	0.6
2014	10	23	0
2014	10	24	0
2014	10	25	0
2014	10	26	0
2014	10	27	0
2014	10	28	0
2014	10	29	7.25
2014	10	30	15.25
2014	10	31	13.6
2014	11	1	2.85
2014	11	2	1.3
2014	11	3	0.2
2014	11	4	0.2
2014	11	5	1.9
2014	11	6	0.6
2014	11	7	4
2014	11	8	13.45
2014	11	9	1.95
2014	11	10	1.8
2014	11	11	1.2
2014	11	12	0.7
2014	11	13	0.7
2014	11	14	0.4
2014	11	15	0.65
2014	11	16	0.6
2014	11	17	0.4
2014	11	18	0.3
2014	11	19	0.2
2014	11	20	0.2
2014	11	21	0.2
2014	11	22	0.1
2014	11	23	0.1
2014	11	24	4.77
2014	11	25	9.95
2014	11	26	0.1
2014	11	27	4.45
2014	11	28	4.75
2014	11	29	2.05
2014	11	30	7.1
2014	12	1	0
2014	12	2	0.1
2014	12	3	4.95
2014	12	4	0.1
2014	12	5	0.4
2014	12	6	0.5
2014	12	7	0.4
2014	12	8	0.6
2014	12	9	0.4
2014	12	10	2.95
2014	12	11	1.25
2014	12	12	0.3
2014	12	13	0.3
2014	12	14	0.3
2014	12	15	0.2
2014	12	16	0.2
2014	12	17	12.7
2014	12	18	6.4
2014	12	19	0.5
2014	12	20	0
2014	12	21	0
2014	12	22	0
2014	12	23	0
2014	12	24	0
2014	12	25	0
2014	12	26	0
2014	12	27	0
2014	12	28	0
2014	12	29	0
2014	12	30	0
2014	12	31	0
2015	1	1	0
2015	1	2	0
2015	1	3	0
2015	1	4	0
2015	1	5	0
2015	1	6	0.52
2015	1	7	0
2015	1	8	0
2015	1	9	0
2015	1	10	0
2015	1	11	0
2015	1	12	0
2015	1	13	0.21
2015	1	14	0
2015	1	15	0
2015	1	16	0
2015	1	17	0
2015	1	18	0
2015	1	19	0
2015	1	20	0
2015	1	21	0
2015	1	22	0
2015	1	23	0
2015	1	24	0
2015	1	25	0
2015	1	26	0.5
2015	1	27	8.5
2015	1	28	11.5
2015	1	29	11.1
2015	1	30	0
2015	1	31	0
2015	2	1	0
2015	2	2	0
2015	2	3	0.5
2015	2	4	0
2015	2	5	0
2015	2	6	0
2015	2	7	0
2015	2	8	0
2015	2	9	0
2015	2	10	0
2015	2	11	0
2015	2	12	0
2015	2	13	0
2015	2	14	2
2015	2	15	1
2015	2	16	0
2015	2	17	0
2015	2	18	0
2015	2	19	0.5
2015	2	20	12.5
2015	2	21	0
2015	2	22	6
2015	2	23	0.5
2015	2	24	7
2015	2	25	17
2015	2	26	1
2015	2	27	28.5
2015	2	28	11.5
2015	3	1	0
2015	3	2	0
2015	3	3	0.5
2015	3	4	0
2015	3	5	0
2015	3	6	0
2015	3	7	0
2015	3	8	0
2015	3	9	0
2015	3	10	0
2015	3	11	0
2015	3	12	0
2015	3	13	0
2015	3	14	2
2015	3	15	1
2015	3	16	8.2
2015	3	17	2
2015	3	18	43
2015	3	19	5.5
2015	3	20	32.6
2015	3	21	2.3
2015	3	22	16.3
2015	3	23	0.5
2015	3	24	7
2015	3	25	17
2015	3	26	1
2015	3	27	28.5
2015	3	28	11.5
2015	3	29	0
2015	3	30	0
2015	3	31	0
2015	4	1	0
2015	4	2	14
2015	4	3	10.5
2015	4	4	17.5
2015	4	5	43.5
2015	4	6	22
2015	4	7	2
2015	4	8	0
2015	4	9	0
2015	4	10	0
2015	4	11	0
2015	4	12	8.5
2015	4	13	0
2015	4	14	0
2015	4	15	0
2015	4	16	0
2015	4	17	0
2015	4	18	5.5
2015	4	19	8
2015	4	20	0.5
2015	4	21	0
2015	4	22	0
2015	4	23	0
2015	4	24	0
2015	4	25	0
2015	4	26	0
2015	4	27	0
2015	4	28	2.7
2015	4	29	0
2015	4	30	0
2015	5	1	0
2015	5	2	14
2015	5	3	10.5
2015	5	4	17.5
2015	5	5	43.5
2015	5	6	22
2015	5	7	2
2015	5	8	0
2015	5	9	0
2015	5	10	0
2015	5	11	0
2015	5	12	8.5
2015	5	13	0
2015	5	14	0
2015	5	15	0
2015	5	16	0
2015	5	17	0
2015	5	18	55
2015	5	19	8
2015	5	20	0.5
2015	5	21	0
2015	5	22	0
2015	5	23	0
2015	5	24	0
2015	5	25	0
2015	5	26	0
2015	5	27	0
2015	5	28	2.7
2015	5	29	0
2015	5	30	0
2015	5	31	0
2015	6	1	22
2015	6	2	55
2015	6	3	2
2015	6	4	0
2015	6	5	0
2015	6	6	0
2015	6	7	11
2015	6	8	9
2015	6	9	0.5
2015	6	10	0
2015	6	11	0
2015	6	12	0
2015	6	13	0
2015	6	14	0
2015	6	15	27.5
2015	6	16	12
2015	6	17	15.5
2015	6	18	0
2015	6	19	0
2015	6	20	1
2015	6	21	21
2015	6	22	1.5
2015	6	23	5.5
2015	6	24	4
2015	6	25	1.5
2015	6	26	18.5
2015	6	27	21
2015	6	28	42.9
2015	6	29	56.5
2015	6	30	28.5
2015	7	1	0
2015	7	2	0
2015	7	3	7
2015	7	4	0.5
2015	7	5	0.5
2015	7	6	4.5
2015	7	7	6
2015	7	8	27.5
2015	7	9	1
2015	7	10	1.5
2015	7	11	15.5
2015	7	12	0.5
2015	7	13	0
2015	7	14	0
2015	7	15	0
2015	7	16	5.5
2015	7	17	17
2015	7	18	2
2015	7	19	7
2015	7	20	0
2015	7	21	0
2015	7	22	0
2015	7	23	13
2015	7	24	8.5
2015	7	25	8
2015	7	26	0
2015	7	27	0
2015	7	28	0
2015	7	29	0
2015	7	30	0
2015	7	31	0
2015	8	1	0
2015	8	2	0
2015	8	3	0
2015	8	4	0
2015	8	5	0
2015	8	6	1.5
2015	8	7	4
2015	8	8	19
2015	8	9	21.5
2015	8	10	12.5
2015	8	11	0.5
2015	8	12	0
2015	8	13	0
2015	8	14	0
2015	8	15	1
2015	8	16	1.5
2015	8	17	0
2015	8	18	0
2015	8	19	0.5
2015	8	20	1.5
2015	8	21	7.5
2015	8	22	4.5
2015	8	23	2
2015	8	24	0
2015	8	25	0
2015	8	26	0
2015	8	27	0
2015	8	28	0
2015	8	29	0
2015	8	30	0
2015	8	31	12.5
2015	9	1	0
2015	9	2	0
2015	9	3	0
2015	9	4	95.5
2015	9	5	0.5
2015	9	6	0
2015	9	7	0
2015	9	8	0
2015	9	9	0
2015	9	10	0
2015	9	11	10.5
2015	9	12	0
2015	9	13	0
2015	9	14	3
2015	9	15	1
2015	9	16	0
2015	9	17	0
2015	9	18	0
2015	9	19	0
2015	9	20	0
2015	9	21	0
2015	9	22	10.5
2015	9	23	0
2015	9	24	4.5
2015	9	25	0.5
2015	9	26	0
2015	9	27	0
2015	9	28	8.5
2015	9	29	9
2015	9	30	21.5
2015	10	1	1
2015	10	2	0
2015	10	3	0
2015	10	4	21
2015	10	5	0.5
2015	10	6	2
2015	10	7	4.5
2015	10	8	1.5
2015	10	9	0
2015	10	10	0
2015	10	11	0
2015	10	12	0
2015	10	13	0
2015	10	14	0
2015	10	15	0
2015	10	16	0
2015	10	17	0
2015	10	18	0
2015	10	19	0
2015	10	20	0
2015	10	21	0
2015	10	22	0
2015	10	23	0
2015	10	24	0
2015	10	25	0
2015	10	26	19
2015	10	27	0
2015	10	28	12.5
2015	10	29	2
2015	10	30	0
2015	10	31	2
2015	11	1	0
2015	11	2	0
2015	11	3	0
2015	11	4	0
2015	11	5	0
2015	11	6	16
2015	11	7	16
2015	11	8	3.5
2015	11	9	0
2015	11	10	0
2015	11	11	1
2015	11	12	26.5
2015	11	13	0
2015	11	14	0
2015	11	15	3.5
2015	11	16	6
2015	11	17	27
2015	11	18	50
2015	11	19	11.5
2015	11	20	0
2015	11	21	1
2015	11	22	2
2015	11	23	1
2015	11	24	15
2015	11	25	0.5
2015	11	26	0
2015	11	27	0
2015	11	28	1
2015	11	29	0.5
2015	11	30	0
2015	12	1	3
2015	12	2	0
2015	12	3	0
2015	12	4	0
2015	12	5	12
2015	12	6	0
2015	12	7	0
2015	12	8	0.5
2015	12	9	12.5
2015	12	10	1.5
2015	12	11	0
2015	12	12	0.5
2015	12	13	3
2015	12	14	0
2015	12	15	0
2015	12	16	0
2015	12	17	0
2015	12	18	0
2015	12	19	7.5
2015	12	20	3
2015	12	21	0
2015	12	22	0
2015	12	23	1
2015	12	24	10.5
2015	12	25	0
2015	12	26	0
2015	12	27	0
2015	12	28	0
2015	12	29	0
2015	12	30	0
2015	12	31	0
2016	1	1	0
2016	1	2	2.5
2016	1	3	0
2016	1	4	7.5
2016	1	5	0
2016	1	6	0
2016	1	7	1
2016	1	8	0
2016	1	9	0
2016	1	10	10.5
2016	1	11	7
2016	1	12	0
2016	1	13	0
2016	1	14	0
2016	1	15	0
2016	1	16	8.5
2016	1	17	1.5
2016	1	18	0
2016	1	19	0
2016	1	20	4.9
2016	1	21	3.6
2016	1	22	10.5
2016	1	23	0
2016	1	24	0
2016	1	25	0
2016	1	26	0
2016	1	27	2
2016	1	28	19.5
2016	1	29	3
2016	1	30	0.8
2016	1	31	6.2
2016	2	1	0
2016	2	2	0
2016	2	3	0
2016	2	4	0
2016	2	5	0
2016	2	6	0
2016	2	7	0
2016	2	8	0
2016	2	9	0
2016	2	10	0.5
2016	2	11	0
2016	2	12	8
2016	2	13	2.9
2016	2	14	0
2016	2	15	0
2016	2	16	0
2016	2	17	0
2016	2	18	0
2016	2	19	0
2016	2	20	0
2016	2	21	6
2016	2	22	6.5
2016	2	23	0
2016	2	24	0
2016	2	25	0
2016	2	26	0
2016	2	27	0
2016	2	28	0
2016	2	29	0
2016	3	1	0
2016	3	2	0
2016	3	3	0
2016	3	4	0
2016	3	5	0
2016	3	6	0
2016	3	7	0
2016	3	8	40.5
2016	3	9	0
2016	3	10	0
2016	3	11	0
2016	3	12	0
2016	3	13	0
2016	3	14	0
2016	3	15	0
2016	3	16	0
2016	3	17	0
2016	3	18	0.5
2016	3	19	1
2016	3	20	0
2016	3	21	0
2016	3	22	0
2016	3	23	0
2016	3	24	0
2016	3	25	0
2016	3	26	0
2016	3	27	0
2016	3	28	0
2016	3	29	0
2016	3	30	7
2016	3	31	0.5
2016	4	1	0
2016	4	2	21
2016	4	3	10.5
2016	4	4	0
2016	4	5	41
2016	4	6	36
2016	4	7	0
2016	4	8	0
2016	4	9	0
2016	4	10	0
2016	4	11	0
2016	4	12	0
2016	4	13	0
2016	4	14	0
2016	4	15	26.5
2016	4	16	13.5
2016	4	17	9.5
2016	4	18	0
2016	4	19	13.5
2016	4	20	28
2016	4	21	0
2016	4	22	7
2016	4	23	20
2016	4	24	1.5
2016	4	25	4
2016	4	26	8.5
2016	4	27	0
2016	4	28	0
2016	4	29	0
2016	4	30	0
2016	5	1	0
2016	5	2	14.5
2016	5	3	0
2016	5	4	0
2016	5	5	9.5
2016	5	6	0
2016	5	7	16
2016	5	8	9.5
2016	5	9	30
2016	5	10	0
2016	5	11	0
2016	5	12	0
2016	5	13	0
2016	5	14	0.5
2016	5	15	7
2016	5	16	0
2016	5	17	0
2016	5	18	0
2016	5	19	0
2016	5	20	23
2016	5	21	8
2016	5	22	0
2016	5	23	0.5
2016	5	24	0
2016	5	25	9
2016	5	26	40.5
2016	5	27	2.5
2016	5	28	11.5
2016	5	29	0
2016	5	30	0
2016	5	31	48
2016	6	1	0.5
2016	6	2	10.5
2016	6	3	9
2016	6	4	0
2016	6	5	0
2016	6	6	0
2016	6	7	0
2016	6	8	6.5
2016	6	9	0
2016	6	10	0
2016	6	11	37.5
2016	6	12	9.5
2016	6	13	0
2016	6	14	0
2016	6	15	0.5
2016	6	16	0
2016	6	17	0
2016	6	18	0
2016	6	19	8
2016	6	20	64.5
2016	6	21	1.5
2016	6	22	65
2016	6	23	0
2016	6	24	29.5
2016	6	25	11.5
2016	6	26	14.5
2016	6	27	92.5
2016	6	28	47
2016	6	29	0
2016	6	30	8.5
2016	7	1	132.5
2016	7	2	142.5
2016	7	3	30
2016	7	4	61.5
2016	7	5	2
2016	7	6	4
2016	7	7	8
2016	7	8	0
2016	7	9	0
2016	7	10	0.5
2016	7	11	46.5
2016	7	12	0
2016	7	13	6
2016	7	14	6.5
2016	7	15	3.5
2016	7	16	0
2016	7	17	0
2016	7	18	9
2016	7	19	0
2016	7	20	0
2016	7	21	0
2016	7	22	0
2016	7	23	0
2016	7	24	0
2016	7	25	0
2016	7	26	0
2016	7	27	0
2016	7	28	0
2016	7	29	0
2016	7	30	0
2016	7	31	0
2016	8	1	0
2016	8	2	16
2016	8	3	0
2016	8	4	0
2016	8	5	11.5
2016	8	6	0
2016	8	7	0
2016	8	8	0
2016	8	9	5
2016	8	10	0
2016	8	11	0
2016	8	12	0
2016	8	13	0
2016	8	14	0
2016	8	15	0
2016	8	16	0
2016	8	17	0
2016	8	18	0
2016	8	19	0
2016	8	20	0
2016	8	21	27
2016	8	22	0
2016	8	23	0
2016	8	24	0
2016	8	25	0
2016	8	26	0
2016	8	27	0
2016	8	28	0
2016	8	29	0
2016	8	30	0
2016	8	31	0
2016	9	1	0
2016	9	2	0
2016	9	3	0
2016	9	4	0
2016	9	5	4
2016	9	6	20
2016	9	7	0.5
2016	9	8	0
2016	9	9	0
2016	9	10	0
2016	9	11	0
2016	9	12	0
2016	9	13	0.5
2016	9	14	98.5
2016	9	15	63
2016	9	16	19
2016	9	17	0
2016	9	18	0
2016	9	19	0
2016	9	20	0
2016	9	21	0
2016	9	22	0
2016	9	23	0
2016	9	24	0
2016	9	25	0
2016	9	26	0
2016	9	27	1
2016	9	28	112
2016	9	29	125
2016	9	30	3.5
2016	10	1	0.5
2016	10	2	1
2016	10	3	0.5
2016	10	4	0
2016	10	5	0
2016	10	6	1.5
2016	10	7	48
2016	10	8	0.5
2016	10	9	0
2016	10	10	0
2016	10	11	0.5
2016	10	12	0
2016	10	13	4.5
2016	10	14	0.5
2016	10	15	0
2016	10	16	0
2016	10	17	0
2016	10	18	0
2016	10	19	13.5
2016	10	20	14
2016	10	21	26
2016	10	22	23
2016	10	23	3
2016	10	24	0.5
2016	10	25	55
2016	10	26	41
2016	10	27	8.5
2016	10	28	7
2016	10	29	1
2016	10	30	14
2016	10	31	1
2016	11	1	0
2016	11	2	0
2016	11	3	0
2016	11	4	0
2016	11	5	0
2016	11	6	0
2016	11	7	29
2016	11	8	0
2016	11	9	0.5
2016	11	10	0
2016	11	11	0
2016	11	12	0
2016	11	13	0
2016	11	14	0
2016	11	15	0
2016	11	16	5
2016	11	17	2.5
2016	11	18	3
2016	11	19	1.5
2016	11	20	0
2016	11	21	10.5
2016	11	22	3
2016	11	23	7.9
2016	11	24	0
2016	11	25	6
2016	11	26	1
2016	11	27	0
2016	11	28	0
2016	11	29	1.5
2016	11	30	0
2016	12	1	0
2016	12	2	0
2016	12	3	0
2016	12	4	0
2016	12	5	0
2016	12	6	0
2016	12	7	0
2016	12	8	0
2016	12	9	0
2016	12	10	0
2016	12	11	0
2016	12	12	2
2016	12	13	13.5
2016	12	14	0
2016	12	15	0
2016	12	16	0
2016	12	17	0
2016	12	18	0
2016	12	19	5
2016	12	20	5.5
2016	12	21	3.5
2016	12	22	0
2016	12	23	0
2016	12	24	4
2016	12	25	14.5
2016	12	26	5.5
2016	12	27	0
2016	12	28	0
2016	12	29	0
2016	12	30	0
2016	12	31	0
